6.363364100006099790e+06 1.919868170043949969e+06 2.091900024400000007e+02
6.363364890014650300e+06 1.919864369995119981e+06 2.073500061000000017e+02
6.363367220001219772e+06 1.919865250000000000e+06 2.066900024400000007e+02
6.363371619995119981e+06 1.919866989990229951e+06 2.077799987799999997e+02
6.363375459991459735e+06 1.919866760009770049e+06 2.086900024400000007e+02
6.363370269989009947e+06 1.919864660034179920e+06 2.072500000000000000e+02
6.363367320007319562e+06 1.919863609985349933e+06 2.098399963399999990e+02
6.363364369995119981e+06 1.919862530029299902e+06 2.124299926799999980e+02
6.363359579986570403e+06 1.919860500000000000e+06 2.075800018299999863e+02
6.363365320007319562e+06 1.919858949951170012e+06 2.098699951199999987e+02
6.363367290008540265e+06 1.919859810058590025e+06 2.127599945100000127e+02
6.363369619995119981e+06 1.919860689941409975e+06 2.119100036600000010e+02
6.363371579986570403e+06 1.919861550048829988e+06 2.147299957300000131e+02
6.363374540008540265e+06 1.919862459960940061e+06 2.088600006099999860e+02
6.363376700012209825e+06 1.919863319946289994e+06 2.096799926799999980e+02
6.363378079986570403e+06 1.919862199951170012e+06 2.122700042699999869e+02
6.363375459991459735e+06 1.919861180053710006e+06 2.117400054899999873e+02
6.363372630004880019e+06 1.919860130004880019e+06 2.130200042699999869e+02
6.363370170013429597e+06 1.919859079956050031e+06 2.112899932900000124e+02
6.363367709991459735e+06 1.919858069946289994e+06 2.094499969500000134e+02
6.363365089996339753e+06 1.919857050048829988e+06 2.091199951199999987e+02
6.363362369995119981e+06 1.919856000000000000e+06 2.099700012200000003e+02
6.363363579986570403e+06 1.919852689941409975e+06 2.108899993900000140e+02
6.363365809997560456e+06 1.919853609985349933e+06 2.112899932900000124e+02
6.363368500000000000e+06 1.919854489990229951e+06 2.074799957300000131e+02
6.363370339996339753e+06 1.919855339965820080e+06 2.112200012200000003e+02
6.363372730010990053e+06 1.919856199951170012e+06 2.103300018299999863e+02
6.363375089996339753e+06 1.919857119995119981e+06 2.095800018299999863e+02
6.363379660003660247e+06 1.919858859985349933e+06 2.096799926799999980e+02
6.363376470001219772e+06 1.919856069946289994e+06 2.131199951199999987e+02
6.363373910003660247e+06 1.919855050048829988e+06 2.120099945100000127e+02
6.363371089996339753e+06 1.919854000000000000e+06 2.136799926799999980e+02
6.363366269989009947e+06 1.919851969970700098e+06 2.086300048800000013e+02
6.363370339996339753e+06 1.919849829956050031e+06 2.092500000000000000e+02
6.363367940002439544e+06 1.919867680053710006e+06 2.068600006099999860e+02
6.363364890014650300e+06 1.919866500000000000e+06 2.100099945100000127e+02
6.363362459991459735e+06 1.919865420043949969e+06 2.080399932900000124e+02
6.363359510009770282e+06 1.919860329956050031e+06 2.072500000000000000e+02
6.363363709991459735e+06 1.919862170043949969e+06 2.101999969500000134e+02
6.363366200012209825e+06 1.919863119995119981e+06 2.084299926799999980e+02
6.363368040008540265e+06 1.919864010009770049e+06 2.115500030499999866e+02
6.363370109985349700e+06 1.919864920043949969e+06 2.136199951199999987e+02
6.363375420013429597e+06 1.919866930053710006e+06 2.069499969500000134e+02
6.363376540008540265e+06 1.919865880004880019e+06 2.074100036600000010e+02
6.363373420013429597e+06 1.919864699951170012e+06 2.110200042699999869e+02
6.363370470001219772e+06 1.919863550048829988e+06 2.134499969500000134e+02
6.363367839996339753e+06 1.919862430053710006e+06 2.129299926799999980e+02
6.363365380004880019e+06 1.919861349975589896e+06 2.111499938999999983e+02
6.363362890014650300e+06 1.919860229980469914e+06 2.095099945100000127e+02
6.363360070007319562e+06 1.919859079956050031e+06 2.109600067099999876e+02
6.363362429992680438e+06 1.919856130004880019e+06 2.092799987799999997e+02
6.363364690002439544e+06 1.919857079956050031e+06 2.088899993900000140e+02
6.363366239990229718e+06 1.919857969970700098e+06 2.148600006099999860e+02
6.363368890014650300e+06 1.919858949951170012e+06 2.115800018299999863e+02
6.363370899993900210e+06 1.919859839965820080e+06 2.137799987799999997e+02
6.363373220001219772e+06 1.919860790039059939e+06 2.133500061000000017e+02
6.363376079986570403e+06 1.919861810058590025e+06 2.085000000000000000e+02
6.363374869995119981e+06 1.919859910034179920e+06 2.124299926799999980e+02
6.363372209991459735e+06 1.919858790039059939e+06 2.126600036600000010e+02
6.363369480010990053e+06 1.919857640014650067e+06 2.125000000000000000e+02
6.363367119995119981e+06 1.919856530029299902e+06 2.102400054899999873e+02
6.363364429992680438e+06 1.919855410034179920e+06 2.100399932900000124e+02
6.363361739990229718e+06 1.919854290039059939e+06 2.101699981700000137e+02
6.363366170013429597e+06 1.919852359985349933e+06 2.112899932900000124e+02
6.363370630004880019e+06 1.919854229980469914e+06 2.118800048800000013e+02
6.363372959991459735e+06 1.919855150024410104e+06 2.108300018299999863e+02
6.363377190002439544e+06 1.919857020019530086e+06 2.132899932900000124e+02
6.363376239990229718e+06 1.919854890014650067e+06 2.099400024400000007e+02
6.363373320007319562e+06 1.919853739990229951e+06 2.115500030499999866e+02
6.363370929992680438e+06 1.919852650024410104e+06 2.094799957300000131e+02
6.363365380004880019e+06 1.919850390014650067e+06 2.110899963399999990e+02
6.363370109985349700e+06 1.919848880004880019e+06 2.098099975599999993e+02
6.363370239990229718e+06 1.919851109985349933e+06 2.102400054899999873e+02
6.363377059997560456e+06 1.919853969970700098e+06 2.093200073200000020e+02
6.363370760009770282e+06 1.919854589965820080e+06 2.126600036600000010e+02
6.363368570007319562e+06 1.919853739990229951e+06 2.112899932900000124e+02
6.363366269989009947e+06 1.919852880004880019e+06 2.084600067099999876e+02
6.363364269989009947e+06 1.919851969970700098e+06 2.111499938999999983e+02
6.363364920013429597e+06 1.919854430053710006e+06 2.128300018299999863e+02
6.363367119995119981e+06 1.919855410034179920e+06 2.103300018299999863e+02
6.363369519989009947e+06 1.919856390014650067e+06 2.112899932900000124e+02
6.363371950012209825e+06 1.919857310058590025e+06 2.136199951199999987e+02
6.363374140014650300e+06 1.919858260009770049e+06 2.118099975599999993e+02
6.363376470001219772e+06 1.919859219970700098e+06 2.116799926799999980e+02
6.363378380004880019e+06 1.919863349975589896e+06 2.088600006099999860e+02
6.363376239990229718e+06 1.919862430053710006e+06 2.093500061000000017e+02
6.363374079986570403e+06 1.919861609985349933e+06 2.082700042699999869e+02
6.363372040008540265e+06 1.919860689941409975e+06 2.106999969500000134e+02
6.363369980010990053e+06 1.919859770019530086e+06 2.119700012200000003e+02
6.363367880004880019e+06 1.919858920043949969e+06 2.121100006099999860e+02
6.363365880004880019e+06 1.919858000000000000e+06 2.152599945100000127e+02
6.363362660003660247e+06 1.919859079956050031e+06 2.113200073200000020e+02
6.363364959991459735e+06 1.919860040039059939e+06 2.111900024400000007e+02
6.363367350006099790e+06 1.919860949951170012e+06 2.124299926799999980e+02
6.363369649993900210e+06 1.919861939941409975e+06 2.119400024400000007e+02
6.363371880004880019e+06 1.919862920043949969e+06 2.102400054899999873e+02
6.363374309997560456e+06 1.919863839965820080e+06 2.127299957300000131e+02
6.363369850006099790e+06 1.919865250000000000e+06 2.121399993900000140e+02
6.363367679992680438e+06 1.919864369995119981e+06 2.118099975599999993e+02
6.363365380004880019e+06 1.919863550048829988e+06 2.083699951199999987e+02
6.363363480010990053e+06 1.919862630004880019e+06 2.126300048800000013e+02
6.363361250000000000e+06 1.919861739990229951e+06 2.112200012200000003e+02
6.363362760009770282e+06 1.919864729980469914e+06 2.077400054899999873e+02
6.363365220001219772e+06 1.919865680053710006e+06 2.098399963399999990e+02
6.363365350006099790e+06 1.919865060058590025e+06 2.093500061000000017e+02
6.363362820007319562e+06 1.919863969970700098e+06 2.077400054899999873e+02
6.363360100006099790e+06 1.919862069946289994e+06 2.096499938999999983e+02
6.363362989990229718e+06 1.919863380004880019e+06 2.124700012200000003e+02
6.363364559997560456e+06 1.919863839965820080e+06 2.076100006099999860e+02
6.363367839996339753e+06 1.919865380004880019e+06 2.122700042699999869e+02
6.363375549987790175e+06 1.919864469970700098e+06 2.121999969500000134e+02
6.363373089996339753e+06 1.919863380004880019e+06 2.108600006099999860e+02
6.363368339996339753e+06 1.919861349975589896e+06 2.089600067099999876e+02
6.363366429992680438e+06 1.919860630004880019e+06 2.106000061000000017e+02
6.363364269989009947e+06 1.919859680053710006e+06 2.106300048800000013e+02
6.363362230010990053e+06 1.919858890014650067e+06 2.117100067099999876e+02
6.363364600006099790e+06 1.919859119995119981e+06 2.132200012200000003e+02
6.363366630004880019e+06 1.919859910034179920e+06 2.109600067099999876e+02
6.363368529998780228e+06 1.919860589965820080e+06 2.081999969500000134e+02
6.363371160003660247e+06 1.919861709960940061e+06 2.091199951199999987e+02
6.363374309997560456e+06 1.919863119995119981e+06 2.129299926799999980e+02
6.363377130004880019e+06 1.919860099975589896e+06 2.103300018299999863e+02
6.363375160003660247e+06 1.919859349975589896e+06 2.114199981700000137e+02
6.363372859985349700e+06 1.919858329956050031e+06 2.110200042699999869e+02
6.363370989990229718e+06 1.919857640014650067e+06 2.129299926799999980e+02
6.363368989990229718e+06 1.919856849975589896e+06 2.137100067099999876e+02
6.363366369995119981e+06 1.919855709960940061e+06 2.115800018299999863e+02
6.363364429992680438e+06 1.919854920043949969e+06 2.128600006099999860e+02
6.363363579986570403e+06 1.919853739990229951e+06 2.128899993900000140e+02
6.363365649993900210e+06 1.919854520019530086e+06 2.109900054899999873e+02
6.363368570007319562e+06 1.919855839965820080e+06 2.135200042699999869e+02
6.363370670013429597e+06 1.919856619995119981e+06 2.117799987799999997e+02
6.363372959991459735e+06 1.919857540039059939e+06 2.109900054899999873e+02
6.363378079986570403e+06 1.919859709960940061e+06 2.120099945100000127e+02
6.363375160003660247e+06 1.919854359985349933e+06 2.097100067099999876e+02
6.363373260009770282e+06 1.919853609985349933e+06 2.114799957300000131e+02
6.363371489990229718e+06 1.919852979980469914e+06 2.137500000000000000e+02
6.363369059997560456e+06 1.919851930053710006e+06 2.123999938999999983e+02
6.363366109985349700e+06 1.919850550048829988e+06 2.084299926799999980e+02
6.363366859985349700e+06 1.919850000000000000e+06 2.088600006099999860e+02
6.363369519989009947e+06 1.919851150024410104e+06 2.101000061000000017e+02
6.363374040008540265e+06 1.919852979980469914e+06 2.082299957300000131e+02
6.363376540008540265e+06 1.919854000000000000e+06 2.083999938999999983e+02
6.363366040008540265e+06 1.919867910034179920e+06 2.063000030499999866e+02
6.363371290008540265e+06 1.919868239990229951e+06 2.083300018299999863e+02
6.363363809997560456e+06 1.919865349975589896e+06 2.069199981700000137e+02
6.363363350006099790e+06 1.919861640014650067e+06 2.113200073200000020e+02
6.363366070007319562e+06 1.919862689941409975e+06 2.066600036600000010e+02
6.363367750000000000e+06 1.919863319946289994e+06 2.125000000000000000e+02
6.363369980010990053e+06 1.919864170043949969e+06 2.130899963399999990e+02
6.363375059997560456e+06 1.919866170043949969e+06 2.073500061000000017e+02
6.363377029998780228e+06 1.919865290039059939e+06 2.081000061000000017e+02
6.363373820007319562e+06 1.919864040039059939e+06 2.131199951199999987e+02
6.363370989990229718e+06 1.919862920043949969e+06 2.146999969500000134e+02
6.363368799987790175e+06 1.919862099975589896e+06 2.099400024400000007e+02
6.363366010009770282e+06 1.919861020019530086e+06 2.109900054899999873e+02
6.363363350006099790e+06 1.919860000000000000e+06 2.110200042699999869e+02
6.363361049987790175e+06 1.919859119995119981e+06 2.066900024400000007e+02
6.363360359985349700e+06 1.919855339965820080e+06 2.095099945100000127e+02
6.363362690002439544e+06 1.919856229980469914e+06 2.098399963399999990e+02
6.363365019989009947e+06 1.919857150024410104e+06 2.086300048800000013e+02
6.363367250000000000e+06 1.919858000000000000e+06 2.089199981700000137e+02
6.363369480010990053e+06 1.919858859985349933e+06 2.099700012200000003e+02
6.363371579986570403e+06 1.919859640014650067e+06 2.119100036600000010e+02
6.363374010009770282e+06 1.919860589965820080e+06 2.103699951199999987e+02
6.363376140014650300e+06 1.919861410034179920e+06 2.120099945100000127e+02
6.363374869995119981e+06 1.919859310058590025e+06 2.126999969500000134e+02
6.363372399993900210e+06 1.919858400024410104e+06 2.103000030499999866e+02
6.363369910003660247e+06 1.919857410034179920e+06 2.086300048800000013e+02
6.363366730010990053e+06 1.919856130004880019e+06 2.141699981700000137e+02
6.363364170013429597e+06 1.919855150024410104e+06 2.132200012200000003e+02
6.363366829986570403e+06 1.919852719970700098e+06 2.083000030499999866e+02
6.363368829986570403e+06 1.919853469970700098e+06 2.117400054899999873e+02
6.363370899993900210e+06 1.919854260009770049e+06 2.139100036600000010e+02
6.363373390014650300e+06 1.919855209960940061e+06 2.114199981700000137e+02
6.363375880004880019e+06 1.919856199951170012e+06 2.093500061000000017e+02
6.363378049987790175e+06 1.919857020019530086e+06 2.105599975599999993e+02
6.363370010009770282e+06 1.919852290039059939e+06 2.103300018299999863e+02
6.363362989990229718e+06 1.919864630004880019e+06 2.078099975599999993e+02
6.363365089996339753e+06 1.919865479980469914e+06 2.096100006099999860e+02
6.363367059997560456e+06 1.919866270019530086e+06 2.123999938999999983e+02
6.363370700012209825e+06 1.919866270019530086e+06 2.079700012200000003e+02
6.363367549987790175e+06 1.919864920043949969e+06 2.121999969500000134e+02
6.363365450012209825e+06 1.919864069946289994e+06 2.067299957300000131e+02
6.363361679992680438e+06 1.919858790039059939e+06 2.115500030499999866e+02
6.363363869995119981e+06 1.919859680053710006e+06 2.123000030499999866e+02
6.363366299987790175e+06 1.919860729980469914e+06 2.106999969500000134e+02
6.363368700012209825e+06 1.919861739990229951e+06 2.098099975599999993e+02
6.363370630004880019e+06 1.919862530029299902e+06 2.130599975599999993e+02
6.363373160003660247e+06 1.919863579956050031e+06 2.106300048800000013e+02
6.363375130004880019e+06 1.919864400024410104e+06 2.134499969500000134e+02
6.363375850006099790e+06 1.919863150024410104e+06 2.092500000000000000e+02
6.363372829986570403e+06 1.919861869995119981e+06 2.118800048800000013e+02
6.363370109985349700e+06 1.919860760009770049e+06 2.118399963399999990e+02
6.363367549987790175e+06 1.919859709960940061e+06 2.105299987799999997e+02
6.363364890014650300e+06 1.919858589965820080e+06 2.097799987799999997e+02
6.363364600006099790e+06 1.919854750000000000e+06 2.129600067099999876e+02
6.363367089996339753e+06 1.919855800048829988e+06 2.108600006099999860e+02
6.363368989990229718e+06 1.919856589965820080e+06 2.142400054899999873e+02
6.363371390014650300e+06 1.919857609985349933e+06 2.130200042699999869e+02
6.363373779998780228e+06 1.919858589965820080e+06 2.121100006099999860e+02
6.363376079986570403e+06 1.919859540039059939e+06 2.118099975599999993e+02
6.363374440002439544e+06 1.919857280029299902e+06 2.125000000000000000e+02
6.363372140014650300e+06 1.919856390014650067e+06 2.088300018299999863e+02
6.363368799987790175e+06 1.919854979980469914e+06 2.142700042699999869e+02
6.363366559997560456e+06 1.919854000000000000e+06 2.101699981700000137e+02
6.363365089996339753e+06 1.919849800048829988e+06 2.093800048800000013e+02
6.363367450012209825e+06 1.919850780029299902e+06 2.086300048800000013e+02
6.363369350006099790e+06 1.919851569946289994e+06 2.124299926799999980e+02
6.363371519989009947e+06 1.919852459960940061e+06 2.132899932900000124e+02
6.363373950012209825e+06 1.919853469970700098e+06 2.120099945100000127e+02
6.363376440002439544e+06 1.919854520019530086e+06 2.100399932900000124e+02
6.363370269989009947e+06 1.919850329956050031e+06 2.084299926799999980e+02
6.363369420013429597e+06 1.919848319946289994e+06 2.094199981700000137e+02
6.363375260009770282e+06 1.919856229980469914e+06 2.127899932900000124e+02
6.363373190002439544e+06 1.919855410034179920e+06 2.148600006099999860e+02
6.363370959991459735e+06 1.919854489990229951e+06 2.126999969500000134e+02
6.363368799987790175e+06 1.919853609985349933e+06 2.111499938999999983e+02
6.363366500000000000e+06 1.919852650024410104e+06 2.082700042699999869e+02
6.363364459991459735e+06 1.919851829956050031e+06 2.111199951199999987e+02
6.363363420013429597e+06 1.919853640014650067e+06 2.133899993900000140e+02
6.363365649993900210e+06 1.919854520019530086e+06 2.107299957300000131e+02
6.363368109985349700e+06 1.919855540039059939e+06 2.146300048800000013e+02
6.363370339996339753e+06 1.919856430053710006e+06 2.120700073200000020e+02
6.363372600006099790e+06 1.919857349975589896e+06 2.110200042699999869e+02
6.363374730010990053e+06 1.919858199951170012e+06 2.074499969500000134e+02
6.363377260009770282e+06 1.919859250000000000e+06 2.121100006099999860e+02
6.363378079986570403e+06 1.919862859985349933e+06 2.090899963399999990e+02
6.363375980010990053e+06 1.919861969970700098e+06 2.093500061000000017e+02
6.363373720001219772e+06 1.919861089965820080e+06 2.083000030499999866e+02
6.363371720001219772e+06 1.919860300048829988e+06 2.108600006099999860e+02
6.363369619995119981e+06 1.919859449951170012e+06 2.115800018299999863e+02
6.363367420013429597e+06 1.919858560058590025e+06 2.117799987799999997e+02
6.363365450012209825e+06 1.919857810058590025e+06 2.151900024400000007e+02
6.363361220001219772e+06 1.919858199951170012e+06 2.108300018299999863e+02
6.363363609985349700e+06 1.919859219970700098e+06 2.120399932900000124e+02
6.363365839996339753e+06 1.919860099975589896e+06 2.106000061000000017e+02
6.363368070007319562e+06 1.919860989990229951e+06 2.087299957300000131e+02
6.363370529998780228e+06 1.919861969970700098e+06 2.110200042699999869e+02
6.363372799987790175e+06 1.919862920043949969e+06 2.108600006099999860e+02
6.363375190002439544e+06 1.919863910034179920e+06 2.131600036600000010e+02
6.363366700012209825e+06 1.919863739990229951e+06 2.115800018299999863e+02
6.363364369995119981e+06 1.919862729980469914e+06 2.070200042699999869e+02
6.363362660003660247e+06 1.919864300048829988e+06 2.078399963399999990e+02
6.363364959991459735e+06 1.919865189941409975e+06 2.071199951199999987e+02
6.363370989990229718e+06 1.919867810058590025e+06 2.082299957300000131e+02
6.363367320007319562e+06 1.919866339965820080e+06 2.120700073200000020e+02
6.363364329986570403e+06 1.919865189941409975e+06 2.079700012200000003e+02
6.363361970001219772e+06 1.919864270019530086e+06 2.072500000000000000e+02
6.363362660003660247e+06 1.919863680053710006e+06 2.075099945100000127e+02
6.363365510009770282e+06 1.919864790039059939e+06 2.096100006099999860e+02
6.363369940002439544e+06 1.919866530029299902e+06 2.075800018299999863e+02
6.363374540008540265e+06 1.919863780029299902e+06 2.132899932900000124e+02
6.363371980010990053e+06 1.919862760009770049e+06 2.113200073200000020e+02
6.363369880004880019e+06 1.919861910034179920e+06 2.117100067099999876e+02
6.363367809997560456e+06 1.919861119995119981e+06 2.125000000000000000e+02
6.363365480010990053e+06 1.919860199951170012e+06 2.117799987799999997e+02
6.363363640014650300e+06 1.919859479980469914e+06 2.134199981700000137e+02
6.363365579986570403e+06 1.919859349975589896e+06 2.125299987799999997e+02
6.363367649993900210e+06 1.919860130004880019e+06 2.108600006099999860e+02
6.363370799987790175e+06 1.919861349975589896e+06 2.145000000000000000e+02
6.363372730010990053e+06 1.919862170043949969e+06 2.118399963399999990e+02
6.363374600006099790e+06 1.919862890014650067e+06 2.089199981700000137e+02
6.363377720001219772e+06 1.919859609985349933e+06 2.120099945100000127e+02
6.363374600006099790e+06 1.919858400024410104e+06 2.073500061000000017e+02
6.363373320007319562e+06 1.919857839965820080e+06 2.117799987799999997e+02
6.363371549987790175e+06 1.919857150024410104e+06 2.139799957300000131e+02
6.363368959991459735e+06 1.919856130004880019e+06 2.119100036600000010e+02
6.363367420013429597e+06 1.919855510009770049e+06 2.150899963399999990e+02
6.363364829986570403e+06 1.919854489990229951e+06 2.131199951199999987e+02
6.363365579986570403e+06 1.919853930053710006e+06 2.106999969500000134e+02
6.363368500000000000e+06 1.919855079956050031e+06 2.131199951199999987e+02
6.363370529998780228e+06 1.919855839965820080e+06 2.112899932900000124e+02
6.363372209991459735e+06 1.919856560058590025e+06 2.073500061000000017e+02
6.363373029998780228e+06 1.919852329956050031e+06 2.083999938999999983e+02
6.363366600006099790e+06 1.919849770019530086e+06 2.089199981700000137e+02
6.363369980010990053e+06 1.919850160034179920e+06 2.100399932900000124e+02
6.363374929992680438e+06 1.919852130004880019e+06 2.110899963399999990e+02
