6.363490649993900210e+06 1.919710459960940061e+06 2.141100006099999860e+02
6.363492839996339753e+06 1.919711319946289994e+06 2.150299987799999997e+02
6.363491929992680438e+06 1.919709479980469914e+06 2.134499969500000134e+02
6.363490510009770282e+06 1.919705410034179920e+06 2.159400024400000007e+02
6.363494519989009947e+06 1.919707119995119981e+06 2.205000000000000000e+02
6.363496619995119981e+06 1.919708000000000000e+06 2.223699951199999987e+02
6.363499239990229718e+06 1.919708890014650067e+06 2.194199981700000137e+02
6.363498750000000000e+06 1.919707310058590025e+06 2.218800048800000013e+02
6.363496029998780228e+06 1.919706300048829988e+06 2.217799987799999997e+02
6.363493859985349700e+06 1.919705310058590025e+06 2.169900054899999873e+02
6.363491109985349700e+06 1.919704260009770049e+06 2.172599945100000127e+02
6.363492549987790175e+06 1.919701239990229951e+06 2.176499938999999983e+02
6.363494290008540265e+06 1.919702099975589896e+06 2.224700012200000003e+02
6.363496549987790175e+06 1.919702949951170012e+06 2.230299987799999997e+02
6.363499079986570403e+06 1.919703839965820080e+06 2.213600006099999860e+02
6.363502059997560456e+06 1.919704790039059939e+06 2.160099945100000127e+02
6.363503149993900210e+06 1.919703699951170012e+06 2.156199951199999987e+02
6.363499640014650300e+06 1.919702589965820080e+06 2.215500030499999866e+02
6.363496880004880019e+06 1.919701540039059939e+06 2.219499969500000134e+02
6.363494519989009947e+06 1.919700550048829988e+06 2.188999938999999983e+02
6.363492779998780228e+06 1.919711609985349933e+06 2.147299957300000131e+02
6.363489140014650300e+06 1.919706430053710006e+06 2.168999938999999983e+02
6.363491269989009947e+06 1.919707349975589896e+06 2.185399932900000124e+02
6.363495929992680438e+06 1.919709219970700098e+06 2.180099945100000127e+02
6.363498489990229718e+06 1.919710229980469914e+06 2.161100006099999860e+02
6.363499440002439544e+06 1.919709150024410104e+06 2.151199951199999987e+02
6.363496420013429597e+06 1.919707969970700098e+06 2.172899932900000124e+02
6.363493500000000000e+06 1.919706819946289994e+06 2.179100036600000010e+02
6.363490839996339753e+06 1.919705709960940061e+06 2.173200073200000020e+02
6.363491700012209825e+06 1.919702199951170012e+06 2.163399963399999990e+02
6.363493630004880019e+06 1.919703109985349933e+06 2.192899932900000124e+02
6.363495040008540265e+06 1.919703969970700098e+06 2.256900024400000007e+02
6.363497929992680438e+06 1.919704979980469914e+06 2.216499938999999983e+02
6.363499700012209825e+06 1.919704260009770049e+06 2.212899932900000124e+02
6.363496649993900210e+06 1.919703079956050031e+06 2.232299957300000131e+02
6.363494059997560456e+06 1.919701969970700098e+06 2.223699951199999987e+02
6.363491859985349700e+06 1.919700880004880019e+06 2.178099975599999993e+02
6.363494940002439544e+06 1.919698290039059939e+06 2.164400024400000007e+02
6.363497369995119981e+06 1.919699239990229951e+06 2.156499938999999983e+02
6.363499470001219772e+06 1.919700160034179920e+06 2.169600067099999876e+02
6.363493369995119981e+06 1.919698489990229951e+06 2.165000000000000000e+02
6.363495670013429597e+06 1.919699410034179920e+06 2.178500061000000017e+02
6.363497929992680438e+06 1.919700329956050031e+06 2.186999969500000134e+02
6.363500029998780228e+06 1.919701209960940061e+06 2.154199981700000137e+02
6.363500820007319562e+06 1.919704689941409975e+06 2.150899963399999990e+02
6.363498880004880019e+06 1.919703699951170012e+06 2.209600067099999876e+02
6.363496880004880019e+06 1.919702819946289994e+06 2.231999969500000134e+02
6.363494750000000000e+06 1.919701969970700098e+06 2.227700042699999869e+02
6.363492380004880019e+06 1.919701180053710006e+06 2.173600006099999860e+02
6.363492380004880019e+06 1.919703439941409975e+06 2.208000030499999866e+02
6.363494880004880019e+06 1.919704300048829988e+06 2.256600036600000010e+02
6.363496940002439544e+06 1.919705250000000000e+06 2.225399932900000124e+02
6.363499040008540265e+06 1.919706170043949969e+06 2.194199981700000137e+02
6.363496260009770282e+06 1.919708000000000000e+06 2.228300018299999863e+02
6.363494160003660247e+06 1.919707180053710006e+06 2.220800018299999863e+02
6.363491890014650300e+06 1.919706359985349933e+06 2.195500030499999866e+02
6.363489730010990053e+06 1.919705510009770049e+06 2.183099975599999993e+02
6.363490609985349700e+06 1.919708359985349933e+06 2.157799987799999997e+02
6.363492880004880019e+06 1.919709280029299902e+06 2.160399932900000124e+02
6.363495109985349700e+06 1.919710229980469914e+06 2.158500061000000017e+02
6.363497339996339753e+06 1.919711150024410104e+06 2.155800018299999863e+02
6.363495989990229718e+06 1.919711609985349933e+06 2.153500061000000017e+02
6.363491170013429597e+06 1.919709609985349933e+06 2.138800048800000013e+02
6.363489429992680438e+06 1.919709020019530086e+06 2.168300018299999863e+02
6.363489920013429597e+06 1.919708170043949969e+06 2.171600036600000010e+02
6.363494450012209825e+06 1.919709939941409975e+06 2.142700042699999869e+02
6.363497170013429597e+06 1.919711020019530086e+06 2.152599945100000127e+02
6.363498190002439544e+06 1.919707180053710006e+06 2.207299957300000131e+02
6.363496290008540265e+06 1.919706489990229951e+06 2.231600036600000010e+02
6.363494190002439544e+06 1.919705640014650067e+06 2.239499969500000134e+02
6.363491109985349700e+06 1.919704229980469914e+06 2.192599945100000127e+02
6.363490739990229718e+06 1.919703020019530086e+06 2.165299987799999997e+02
6.363494750000000000e+06 1.919704949951170012e+06 2.250700073200000020e+02
6.363496880004880019e+06 1.919705709960940061e+06 2.228699951199999987e+02
6.363498880004880019e+06 1.919706390014650067e+06 2.198200073200000020e+02
6.363501700012209825e+06 1.919702949951170012e+06 2.158099975599999993e+02
6.363500390014650300e+06 1.919702650024410104e+06 2.215500030499999866e+02
6.363497959991459735e+06 1.919701640014650067e+06 2.205700073200000020e+02
6.363495600006099790e+06 1.919700650024410104e+06 2.203399963399999990e+02
6.363493109985349700e+06 1.919699569946289994e+06 2.188000030499999866e+02
6.363494480010990053e+06 1.919699079956050031e+06 2.170899963399999990e+02
6.363497540008540265e+06 1.919700420043949969e+06 2.203099975599999993e+02
6.363499540008540265e+06 1.919701079956050031e+06 2.168000030499999866e+02
6.363490739990229718e+06 1.919709449951170012e+06 2.143999938999999983e+02
6.363493170013429597e+06 1.919710329956050031e+06 2.136499938999999983e+02
6.363495109985349700e+06 1.919711089965820080e+06 2.170299987799999997e+02
6.363498029998780228e+06 1.919710459960940061e+06 2.160399932900000124e+02
6.363495500000000000e+06 1.919709510009770049e+06 2.136799926799999980e+02
6.363489730010990053e+06 1.919707310058590025e+06 2.164400024400000007e+02
6.363490019989009947e+06 1.919703180053710006e+06 2.166000061000000017e+02
6.363491929992680438e+06 1.919703900024410104e+06 2.206000061000000017e+02
6.363496619995119981e+06 1.919705640014650067e+06 2.197799987799999997e+02
6.363498880004880019e+06 1.919706489990229951e+06 2.201799926799999980e+02
6.363499700012209825e+06 1.919705079956050031e+06 2.197200012200000003e+02
6.363496619995119981e+06 1.919703900024410104e+06 2.228999938999999983e+02
6.363494059997560456e+06 1.919702979980469914e+06 2.211600036600000010e+02
6.363491890014650300e+06 1.919702160034179920e+06 2.163399963399999990e+02
6.363494880004880019e+06 1.919699050048829988e+06 2.157799987799999997e+02
6.363496779998780228e+06 1.919699729980469914e+06 2.196799926799999980e+02
6.363499440002439544e+06 1.919700750000000000e+06 2.166000061000000017e+02
6.363490679992680438e+06 1.919709410034179920e+06 2.138099975599999993e+02
6.363492980010990053e+06 1.919710359985349933e+06 2.141100006099999860e+02
6.363494940002439544e+06 1.919711219970700098e+06 2.168999938999999983e+02
6.363496390014650300e+06 1.919710400024410104e+06 2.186300048800000013e+02
6.363494220001219772e+06 1.919709510009770049e+06 2.137500000000000000e+02
6.363491369995119981e+06 1.919708300048829988e+06 2.143999938999999983e+02
6.363488450012209825e+06 1.919707050048829988e+06 2.159400024400000007e+02
6.363491790008540265e+06 1.919704660034179920e+06 2.142100067099999876e+02
6.363493399993900210e+06 1.919705310058590025e+06 2.196199951199999987e+02
6.363495299987790175e+06 1.919706130004880019e+06 2.228699951199999987e+02
6.363497899993900210e+06 1.919707219970700098e+06 2.205700073200000020e+02
6.363500649993900210e+06 1.919708400024410104e+06 2.168300018299999863e+02
6.363498290008540265e+06 1.919706030029299902e+06 2.198200073200000020e+02
6.363494980010990053e+06 1.919704589965820080e+06 2.248399963399999990e+02
6.363493730010990053e+06 1.919700290039059939e+06 2.188999938999999983e+02
6.363496089996339753e+06 1.919701239990229951e+06 2.186999969500000134e+02
6.363498290008540265e+06 1.919702229980469914e+06 2.193600006099999860e+02
6.363500290008540265e+06 1.919703050048829988e+06 2.219199981700000137e+02
6.363500230010990053e+06 1.919701640014650067e+06 2.209600067099999876e+02
6.363497570007319562e+06 1.919700520019530086e+06 2.200500030499999866e+02
6.363495040008540265e+06 1.919699469970700098e+06 2.180800018299999863e+02
6.363500320007319562e+06 1.919699369995119981e+06 2.164700012200000003e+02
6.363494160003660247e+06 1.919699180053710006e+06 2.182400054899999873e+02
6.363496489990229718e+06 1.919700160034179920e+06 2.220099945100000127e+02
6.363498619995119981e+06 1.919700979980469914e+06 2.177500000000000000e+02
6.363500779998780228e+06 1.919701900024410104e+06 2.155200042699999869e+02
6.363497929992680438e+06 1.919703900024410104e+06 2.211000061000000017e+02
6.363495859985349700e+06 1.919703050048829988e+06 2.236499938999999983e+02
6.363493700012209825e+06 1.919702160034179920e+06 2.225700073200000020e+02
6.363491500000000000e+06 1.919701209960940061e+06 2.170599975599999993e+02
6.363489920013429597e+06 1.919702880004880019e+06 2.172599945100000127e+02
6.363492220001219772e+06 1.919703869995119981e+06 2.198200073200000020e+02
6.363494579986570403e+06 1.919704890014650067e+06 2.234199981700000137e+02
6.363496720001219772e+06 1.919705739990229951e+06 2.206399993900000140e+02
6.363498950012209825e+06 1.919706660034179920e+06 2.205700073200000020e+02
6.363497369995119981e+06 1.919709119995119981e+06 2.159100036600000010e+02
6.363495339996339753e+06 1.919708300048829988e+06 2.181799926799999980e+02
6.363493299987790175e+06 1.919707439941409975e+06 2.199499969500000134e+02
6.363491109985349700e+06 1.919706560058590025e+06 2.183099975599999993e+02
6.363488970001219772e+06 1.919705670043949969e+06 2.173600006099999860e+02
6.363489989990229718e+06 1.919708430053710006e+06 2.158500061000000017e+02
6.363496679992680438e+06 1.919711050048829988e+06 2.150599975599999993e+02
6.363494420013429597e+06 1.919710130004880019e+06 2.152899932900000124e+02
6.363490059997560456e+06 1.919708329956050031e+06 2.165000000000000000e+02
6.363488779998780228e+06 1.919706719970700098e+06 2.176799926799999980e+02
6.363491660003660247e+06 1.919707869995119981e+06 2.193600006099999860e+02
6.363494119995119981e+06 1.919708890014650067e+06 2.188600006099999860e+02
6.363495760009770282e+06 1.919709579956050031e+06 2.136799926799999980e+02
6.363498850006099790e+06 1.919706229980469914e+06 2.180399932900000124e+02
6.363497239990229718e+06 1.919705540039059939e+06 2.218800048800000013e+02
6.363495299987790175e+06 1.919704750000000000e+06 2.236900024400000007e+02
6.363491989990229718e+06 1.919703439941409975e+06 2.184400024400000007e+02
6.363491070007319562e+06 1.919702030029299902e+06 2.162700042699999869e+02
6.363495339996339753e+06 1.919703699951170012e+06 2.253600006099999860e+02
6.363497010009770282e+06 1.919704430053710006e+06 2.204400024400000007e+02
6.363499209991459735e+06 1.919705339965820080e+06 2.183099975599999993e+02
6.363500290008540265e+06 1.919701280029299902e+06 2.148899993900000140e+02
6.363498220001219772e+06 1.919700420043949969e+06 2.165299987799999997e+02
6.363496059997560456e+06 1.919699510009770049e+06 2.170899963399999990e+02
6.363493829986570403e+06 1.919698589965820080e+06 2.173899993900000140e+02
6.363496940002439544e+06 1.919698819946289994e+06 2.158800048800000013e+02
6.363499540008540265e+06 1.919699869995119981e+06 2.158500061000000017e+02
