6.363615280029299669e+06 1.919720829956050031e+06 2.212599945100000127e+02
6.363605570007319562e+06 1.919713119995119981e+06 2.187700042699999869e+02
6.363607539978030138e+06 1.919713939941409975e+06 2.210299987799999997e+02
6.363609710021969862e+06 1.919714829956050031e+06 2.226999969500000134e+02
6.363611770019530319e+06 1.919715680053710006e+06 2.244700012200000003e+02
6.363614200012209825e+06 1.919716569946289994e+06 2.240200042699999869e+02
6.363616929992680438e+06 1.919717520019530086e+06 2.219199981700000137e+02
6.363618630004880019e+06 1.919718339965820080e+06 2.259799957300000131e+02
6.363618700012209825e+06 1.919716859985349933e+06 2.208300018299999863e+02
6.363615549987790175e+06 1.919715750000000000e+06 2.233600006099999860e+02
6.363612530029299669e+06 1.919714660034179920e+06 2.247400054899999873e+02
6.363610039978030138e+06 1.919713609985349933e+06 2.225700073200000020e+02
6.363607510009770282e+06 1.919712599975589896e+06 2.206699981700000137e+02
6.363604919982910156e+06 1.919711550048829988e+06 2.189299926799999980e+02
6.363604460021969862e+06 1.919707349975589896e+06 2.173600006099999860e+02
6.363606919982910156e+06 1.919708229980469914e+06 2.167299957300000131e+02
6.363608760009770282e+06 1.919709089965820080e+06 2.206000061000000017e+02
6.363610890014650300e+06 1.919709939941409975e+06 2.222100067099999876e+02
6.363612989990229718e+06 1.919710790039059939e+06 2.238800048800000013e+02
6.363615280029299669e+06 1.919711680053710006e+06 2.246399993900000140e+02
6.363617940002439544e+06 1.919712630004880019e+06 2.226000061000000017e+02
6.363620570007319562e+06 1.919713550048829988e+06 2.207299957300000131e+02
6.363620039978030138e+06 1.919712010009770049e+06 2.211900024400000007e+02
6.363616830017089844e+06 1.919710890014650067e+06 2.236199951199999987e+02
6.363613969970700331e+06 1.919709839965820080e+06 2.243399963399999990e+02
6.363611409973139875e+06 1.919708790039059939e+06 2.224100036600000010e+02
6.363608919982910156e+06 1.919707810058590025e+06 2.202100067099999876e+02
6.363606750000000000e+06 1.919706790039059939e+06 2.158800048800000013e+02
6.363608919982910156e+06 1.919703670043949969e+06 2.166300048800000013e+02
6.363610690002439544e+06 1.919704459960940061e+06 2.206000061000000017e+02
6.363612789978030138e+06 1.919705310058590025e+06 2.223399963399999990e+02
6.363614890014650300e+06 1.919706170043949969e+06 2.241499938999999983e+02
6.363617190002439544e+06 1.919707050048829988e+06 2.245099945100000127e+02
6.363619849975589663e+06 1.919707969970700098e+06 2.224700012200000003e+02
6.363622440002439544e+06 1.919707479980469914e+06 2.206999969500000134e+02
6.363619320007319562e+06 1.919706390014650067e+06 2.231999969500000134e+02
6.363616299987790175e+06 1.919705310058590025e+06 2.249700012200000003e+02
6.363613809997560456e+06 1.919704300048829988e+06 2.228000030499999866e+02
6.363611309997560456e+06 1.919703310058590025e+06 2.209299926799999980e+02
6.363609179992680438e+06 1.919702329956050031e+06 2.163999938999999983e+02
6.363613409973139875e+06 1.919700030029299902e+06 2.214199981700000137e+02
6.363615510009770282e+06 1.919700880004880019e+06 2.230599975599999993e+02
6.363617650024410337e+06 1.919701770019530086e+06 2.248000030499999866e+02
6.363620210021969862e+06 1.919702650024410104e+06 2.235200042699999869e+02
6.363622830017089844e+06 1.919703569946289994e+06 2.214900054899999873e+02
6.363624309997560456e+06 1.919702719970700098e+06 2.207700042699999869e+02
6.363621090026860125e+06 1.919701599975589896e+06 2.232299957300000131e+02
6.363618140014650300e+06 1.919700520019530086e+06 2.246399993900000140e+02
6.363615609985349700e+06 1.919699469970700098e+06 2.227400054899999873e+02
6.363613090026860125e+06 1.919698489990229951e+06 2.208000030499999866e+02
6.363614169982910156e+06 1.919694750000000000e+06 2.202100067099999876e+02
6.363616239990229718e+06 1.919695599975589896e+06 2.222100067099999876e+02
6.363618369995119981e+06 1.919696449951170012e+06 2.239199981700000137e+02
6.363620599975589663e+06 1.919697339965820080e+06 2.246100006099999860e+02
6.363623289978030138e+06 1.919698290039059939e+06 2.226000061000000017e+02
6.363625979980469681e+06 1.919699209960940061e+06 2.205700073200000020e+02
6.363624270019530319e+06 1.919697239990229951e+06 2.220800018299999863e+02
6.363621059997560456e+06 1.919696130004880019e+06 2.246999969500000134e+02
6.363618400024410337e+06 1.919695079956050031e+06 2.235899963399999990e+02
6.363615909973139875e+06 1.919694060058590025e+06 2.215200042699999869e+02
6.363624640014650300e+06 1.919693010009770049e+06 2.184700012200000003e+02
6.363626929992680438e+06 1.919693890014650067e+06 2.188300018299999863e+02
6.363625359985349700e+06 1.919691989990229951e+06 2.202400054899999873e+02
6.363622570007319562e+06 1.919690939941409975e+06 2.205000000000000000e+02
6.363619750000000000e+06 1.919689859985349933e+06 2.204700012200000003e+02
6.363617059997560456e+06 1.919688839965820080e+06 2.201399993900000140e+02
6.363607739990229718e+06 1.919717579956050031e+06 2.212299957300000131e+02
6.363604460021969862e+06 1.919712270019530086e+06 2.194499969500000134e+02
6.363606690002439544e+06 1.919713189941409975e+06 2.203099975599999993e+02
6.363608719970700331e+06 1.919714099975589896e+06 2.220099945100000127e+02
6.363610789978030138e+06 1.919714989990229951e+06 2.237500000000000000e+02
6.363612989990229718e+06 1.919715939941409975e+06 2.246999969500000134e+02
6.363615679992680438e+06 1.919716989990229951e+06 2.225399932900000124e+02
6.363618369995119981e+06 1.919718010009770049e+06 2.205399932900000124e+02
6.363618400024410337e+06 1.919717089965820080e+06 2.263099975599999993e+02
6.363616270019530319e+06 1.919716040039059939e+06 2.223699951199999987e+02
6.363613090026860125e+06 1.919714829956050031e+06 2.250000000000000000e+02
6.363610559997560456e+06 1.919713709960940061e+06 2.233600006099999860e+02
6.363608130004880019e+06 1.919712630004880019e+06 2.213600006099999860e+02
6.363605609985349700e+06 1.919711550048829988e+06 2.193600006099999860e+02
6.363604820007319562e+06 1.919707250000000000e+06 2.170899963399999990e+02
6.363608890014650300e+06 1.919709089965820080e+06 2.208000030499999866e+02
6.363610950012209825e+06 1.919709969970700098e+06 2.226399993900000140e+02
6.363613020019530319e+06 1.919710890014650067e+06 2.241799926799999980e+02
6.363615450012209825e+06 1.919711910034179920e+06 2.240500030499999866e+02
6.363618109985349700e+06 1.919712890014650067e+06 2.219799957300000131e+02
6.363619909973139875e+06 1.919712430053710006e+06 2.208300018299999863e+02
6.363616760009770282e+06 1.919711219970700098e+06 2.233300018299999863e+02
6.363613780029299669e+06 1.919710040039059939e+06 2.244100036600000010e+02
6.363611349975589663e+06 1.919708949951170012e+06 2.224700012200000003e+02
6.363608820007319562e+06 1.919707869995119981e+06 2.204700012200000003e+02
6.363606820007319562e+06 1.919706819946289994e+06 2.155800018299999863e+02
6.363606719970700331e+06 1.919702949951170012e+06 2.152599945100000127e+02
6.363608849975589663e+06 1.919703900024410104e+06 2.165299987799999997e+02
6.363610489990229718e+06 1.919704719970700098e+06 2.208300018299999863e+02
6.363612630004880019e+06 1.919705670043949969e+06 2.224100036600000010e+02
6.363614659973139875e+06 1.919706589965820080e+06 2.241499938999999983e+02
6.363616989990229718e+06 1.919707540039059939e+06 2.241799926799999980e+02
6.363619750000000000e+06 1.919708560058590025e+06 2.218800048800000013e+02
6.363620929992680438e+06 1.919709349975589896e+06 2.289400024400000007e+02
6.363622140014650300e+06 1.919708329956050031e+06 2.206000061000000017e+02
6.363618989990229718e+06 1.919707150024410104e+06 2.228999938999999983e+02
6.363615909973139875e+06 1.919705939941409975e+06 2.248699951199999987e+02
6.363613409973139875e+06 1.919704849975589896e+06 2.229299926799999980e+02
6.363610989990229718e+06 1.919703770019530086e+06 2.208699951199999987e+02
6.363608919982910156e+06 1.919702750000000000e+06 2.164700012200000003e+02
6.363611869995119981e+06 1.919700260009770049e+06 2.205000000000000000e+02
6.363613940002439544e+06 1.919701180053710006e+06 2.222100067099999876e+02
6.363616010009770282e+06 1.919702099975589896e+06 2.239499969500000134e+02
6.363618239990229718e+06 1.919703020019530086e+06 2.246100006099999860e+02
6.363620960021969862e+06 1.919704069946289994e+06 2.224400024400000007e+02
6.363623679992680438e+06 1.919705079956050031e+06 2.202400054899999873e+02
6.363622140014650300e+06 1.919703380004880019e+06 2.217200012200000003e+02
6.363618960021969862e+06 1.919702160034179920e+06 2.242400054899999873e+02
6.363616239990229718e+06 1.919701010009770049e+06 2.238500061000000017e+02
6.363613780029299669e+06 1.919699930053710006e+06 2.217200012200000003e+02
6.363613710021969862e+06 1.919696089965820080e+06 2.206699981700000137e+02
6.363615840026860125e+06 1.919697010009770049e+06 2.222100067099999876e+02
6.363617880004880019e+06 1.919697959960940061e+06 2.240500030499999866e+02
6.363620140014650300e+06 1.919698880004880019e+06 2.244100036600000010e+02
6.363622859985349700e+06 1.919699900024410104e+06 2.222400054899999873e+02
6.363623419982910156e+06 1.919698979980469914e+06 2.220500030499999866e+02
6.363620270019530319e+06 1.919697800048829988e+06 2.244700012200000003e+02
6.363617650024410337e+06 1.919696650024410104e+06 2.237200012200000003e+02
6.363615190002439544e+06 1.919695569946289994e+06 2.215500030499999866e+02
6.363615549987790175e+06 1.919691859985349933e+06 2.208300018299999863e+02
6.363617609985349700e+06 1.919692780029299902e+06 2.226000061000000017e+02
6.363619710021969862e+06 1.919693699951170012e+06 2.241799926799999980e+02
6.363622080017089844e+06 1.919694680053710006e+06 2.242100067099999876e+02
6.363624770019530319e+06 1.919695699951170012e+06 2.220099945100000127e+02
6.363623880004880019e+06 1.919694030029299902e+06 2.190599975599999993e+02
6.363619090026860125e+06 1.919688349975589896e+06 2.208999938999999983e+02
6.363621450012209825e+06 1.919689300048829988e+06 2.207700042699999869e+02
6.363623809997560456e+06 1.919690250000000000e+06 2.206699981700000137e+02
6.363622109985349700e+06 1.919688420043949969e+06 2.211000061000000017e+02
6.363619349975589663e+06 1.919687270019530086e+06 2.210599975599999993e+02
6.363616960021969862e+06 1.919687760009770049e+06 2.199799957300000131e+02
6.363619090026860125e+06 1.919688579956050031e+06 2.206399993900000140e+02
6.363621190002439544e+06 1.919689430053710006e+06 2.206399993900000140e+02
6.363623390014650300e+06 1.919690319946289994e+06 2.206399993900000140e+02
6.363623450012209825e+06 1.919693270019530086e+06 2.174499969500000134e+02
6.363615609985349700e+06 1.919692579956050031e+06 2.211300048800000013e+02
6.363617780029299669e+06 1.919693439941409975e+06 2.228300018299999863e+02
6.363619940002439544e+06 1.919694219970700098e+06 2.246399993900000140e+02
6.363622039978030138e+06 1.919695109985349933e+06 2.238500061000000017e+02
6.363624140014650300e+06 1.919695989990229951e+06 2.221499938999999983e+02
6.363625159973139875e+06 1.919699339965820080e+06 2.205399932900000124e+02
6.363623059997560456e+06 1.919698459960940061e+06 2.222799987799999997e+02
6.363620960021969862e+06 1.919697569946289994e+06 2.239199981700000137e+02
6.363618890014650300e+06 1.919696680053710006e+06 2.245399932900000124e+02
6.363616700012209825e+06 1.919695859985349933e+06 2.227700042699999869e+02
6.363614599975589663e+06 1.919695079956050031e+06 2.211000061000000017e+02
6.363612359985349700e+06 1.919696780029299902e+06 2.196799926799999980e+02
6.363614500000000000e+06 1.919697599975589896e+06 2.216499938999999983e+02
6.363616659973139875e+06 1.919698420043949969e+06 2.232899932900000124e+02
6.363618859985349700e+06 1.919699239990229951e+06 2.249700012200000003e+02
6.363620929992680438e+06 1.919700160034179920e+06 2.234900054899999873e+02
6.363623030029299669e+06 1.919701050048829988e+06 2.217500000000000000e+02
6.363622630004880019e+06 1.919703839965820080e+06 2.211000061000000017e+02
6.363620570007319562e+06 1.919702979980469914e+06 2.228999938999999983e+02
6.363618500000000000e+06 1.919702030029299902e+06 2.244100036600000010e+02
6.363616400024410337e+06 1.919701209960940061e+06 2.240500030499999866e+02
6.363614270019530319e+06 1.919700420043949969e+06 2.223099975599999993e+02
6.363612140014650300e+06 1.919699599975589896e+06 2.207299957300000131e+02
6.363611940002439544e+06 1.919702199951170012e+06 2.210599975599999993e+02
6.363614140014650300e+06 1.919703020019530086e+06 2.228300018299999863e+02
6.363616270019530319e+06 1.919703800048829988e+06 2.246399993900000140e+02
6.363618400024410337e+06 1.919704689941409975e+06 2.236900024400000007e+02
6.363620500000000000e+06 1.919705609985349933e+06 2.221499938999999983e+02
6.363621219970700331e+06 1.919708560058590025e+06 2.294900054899999873e+02
6.363618989990229718e+06 1.919707869995119981e+06 2.225099945100000127e+02
6.363616929992680438e+06 1.919706989990229951e+06 2.241100006099999860e+02
6.363614789978030138e+06 1.919706130004880019e+06 2.243399963399999990e+02
6.363612659973139875e+06 1.919705310058590025e+06 2.226000061000000017e+02
6.363610489990229718e+06 1.919704520019530086e+06 2.208699951199999987e+02
6.363608299987790175e+06 1.919703770019530086e+06 2.165000000000000000e+02
6.363606159973139875e+06 1.919702979980469914e+06 2.150299987799999997e+02
6.363605609985349700e+06 1.919705380004880019e+06 2.162400054899999873e+02
6.363607739990229718e+06 1.919706229980469914e+06 2.159100036600000010e+02
6.363609940002439544e+06 1.919706949951170012e+06 2.210000000000000000e+02
6.363612070007319562e+06 1.919707810058590025e+06 2.226999969500000134e+02
6.363614229980469681e+06 1.919708589965820080e+06 2.243800048800000013e+02
6.363616330017089844e+06 1.919709449951170012e+06 2.241100006099999860e+02
6.363618400024410337e+06 1.919710359985349933e+06 2.224400024400000007e+02
6.363620500000000000e+06 1.919711250000000000e+06 2.208300018299999863e+02
6.363618140014650300e+06 1.919713150024410104e+06 2.217200012200000003e+02
6.363616070007319562e+06 1.919712229980469914e+06 2.234600067099999876e+02
6.363613969970700331e+06 1.919711349975589896e+06 2.249299926799999980e+02
6.363611809997560456e+06 1.919710560058590025e+06 2.233600006099999860e+02
6.363609739990229718e+06 1.919709739990229951e+06 2.216900024400000007e+02
6.363605409973139875e+06 1.919708130004880019e+06 2.182700042699999869e+02
6.363604260009770282e+06 1.919710300048829988e+06 2.190599975599999993e+02
6.363606359985349700e+06 1.919711180053710006e+06 2.192899932900000124e+02
6.363608559997560456e+06 1.919711969970700098e+06 2.214600067099999876e+02
6.363610659973139875e+06 1.919712760009770049e+06 2.231300048800000013e+02
6.363612789978030138e+06 1.919713579956050031e+06 2.247400054899999873e+02
6.363614919982910156e+06 1.919714469970700098e+06 2.237500000000000000e+02
6.363616960021969862e+06 1.919715349975589896e+06 2.221100006099999860e+02
6.363619159973139875e+06 1.919716109985349933e+06 2.259799957300000131e+02
6.363617380004880019e+06 1.919718400024410104e+06 2.210000000000000000e+02
6.363615320007319562e+06 1.919717550048829988e+06 2.225099945100000127e+02
6.363613219970700331e+06 1.919716630004880019e+06 2.241499938999999983e+02
6.363611119995119981e+06 1.919715780029299902e+06 2.242400054899999873e+02
6.363608989990229718e+06 1.919714989990229951e+06 2.225399932900000124e+02
6.363606849975589663e+06 1.919714170043949969e+06 2.207299957300000131e+02
6.363604690002439544e+06 1.919713349975589896e+06 2.187299957300000131e+02
6.363606460021969862e+06 1.919716660034179920e+06 2.213600006099999860e+02
6.363608590026860125e+06 1.919717449951170012e+06 2.229700012200000003e+02
6.363610760009770282e+06 1.919718239990229951e+06 2.247400054899999873e+02
6.363612859985349700e+06 1.919719119995119981e+06 2.241799926799999980e+02
6.363614890014650300e+06 1.919720040039059939e+06 2.221799926799999980e+02
6.363616989990229718e+06 1.919720930053710006e+06 2.206000061000000017e+02
6.363607539978030138e+06 1.919717089965820080e+06 2.220500030499999866e+02
6.363610590026860125e+06 1.919718400024410104e+06 2.244100036600000010e+02
6.363613150024410337e+06 1.919719420043949969e+06 2.237200012200000003e+02
6.363615549987790175e+06 1.919720339965820080e+06 2.216199951199999987e+02
6.363617119995119981e+06 1.919716660034179920e+06 2.216199951199999987e+02
6.363614989990229718e+06 1.919715839965820080e+06 2.232299957300000131e+02
6.363612890014650300e+06 1.919715020019530086e+06 2.249299926799999980e+02
6.363610260009770282e+06 1.919713939941409975e+06 2.231600036600000010e+02
6.363607609985349700e+06 1.919712760009770049e+06 2.210299987799999997e+02
6.363604950012209825e+06 1.919711609985349933e+06 2.190899963399999990e+02
6.363605799987790175e+06 1.919710729980469914e+06 2.195899963399999990e+02
6.363608789978030138e+06 1.919712010009770049e+06 2.215200042699999869e+02
6.363611840026860125e+06 1.919713319946289994e+06 2.239199981700000137e+02
6.363614530029299669e+06 1.919714400024410104e+06 2.240800018299999863e+02
6.363616960021969862e+06 1.919715319946289994e+06 2.222100067099999876e+02
6.363617880004880019e+06 1.919711319946289994e+06 2.224700012200000003e+02
6.363615739990229718e+06 1.919710500000000000e+06 2.240500030499999866e+02
6.363613409973139875e+06 1.919709579956050031e+06 2.241499938999999983e+02
6.363610719970700331e+06 1.919708400024410104e+06 2.219499969500000134e+02
6.363607609985349700e+06 1.919706920043949969e+06 2.162100067099999876e+02
6.363605309997560456e+06 1.919706000000000000e+06 2.166699981700000137e+02
6.363605409973139875e+06 1.919704849975589896e+06 2.165299987799999997e+02
6.363608130004880019e+06 1.919705939941409975e+06 2.165700073200000020e+02
6.363611679992680438e+06 1.919707579956050031e+06 2.225399932900000124e+02
6.363614690002439544e+06 1.919708890014650067e+06 2.248399963399999990e+02
6.363617190002439544e+06 1.919709839965820080e+06 2.234600067099999876e+02
6.363619580017089844e+06 1.919710760009770049e+06 2.215500030499999866e+02
6.363619250000000000e+06 1.919706329956050031e+06 2.230599975599999993e+02
6.363617119995119981e+06 1.919705510009770049e+06 2.245700073200000020e+02
6.363614599975589663e+06 1.919704459960940061e+06 2.234900054899999873e+02
6.363611969970700331e+06 1.919703310058590025e+06 2.213899993900000140e+02
6.363608849975589663e+06 1.919701900024410104e+06 2.165700073200000020e+02
6.363611679992680438e+06 1.919701900024410104e+06 2.208699951199999987e+02
6.363614729980469681e+06 1.919703180053710006e+06 2.231600036600000010e+02
6.363617609985349700e+06 1.919704430053710006e+06 2.246399993900000140e+02
6.363620070007319562e+06 1.919705339965820080e+06 2.227400054899999873e+02
6.363623909973139875e+06 1.919702560058590025e+06 2.206000061000000017e+02
6.363621780029299669e+06 1.919701739990229951e+06 2.223699951199999987e+02
6.363619650024410337e+06 1.919700920043949969e+06 2.239199981700000137e+02
6.363617349975589663e+06 1.919700000000000000e+06 2.242799987799999997e+02
6.363614659973139875e+06 1.919698819946289994e+06 2.221100006099999860e+02
6.363611909973139875e+06 1.919697599975589896e+06 2.194199981700000137e+02
6.363613020019530319e+06 1.919696810058590025e+06 2.204400024400000007e+02
6.363616039978030138e+06 1.919698160034179920e+06 2.228699951199999987e+02
6.363619059997560456e+06 1.919699439941409975e+06 2.249700012200000003e+02
6.363621450012209825e+06 1.919700329956050031e+06 2.230599975599999993e+02
6.363623849975589663e+06 1.919701280029299902e+06 2.209600067099999876e+02
6.363620890014650300e+06 1.919695859985349933e+06 2.245399932900000124e+02
6.363618429992680438e+06 1.919694849975589896e+06 2.237500000000000000e+02
6.363615739990229718e+06 1.919693670043949969e+06 2.213899993900000140e+02
6.363615580017089844e+06 1.919692290039059939e+06 2.210000000000000000e+02
6.363618659973139875e+06 1.919693630004880019e+06 2.234900054899999873e+02
6.363621489990229718e+06 1.919694810058590025e+06 2.244700012200000003e+02
6.363621679992680438e+06 1.919690420043949969e+06 2.202400054899999873e+02
6.363619349975589663e+06 1.919689500000000000e+06 2.204400024400000007e+02
6.363617020019530319e+06 1.919688550048829988e+06 2.203699951199999987e+02
6.363619479980469681e+06 1.919688280029299902e+06 2.208300018299999863e+02
6.363622140014650300e+06 1.919689369995119981e+06 2.206399993900000140e+02
6.363616400024410337e+06 1.919719420043949969e+06 2.212299957300000131e+02
6.363613250000000000e+06 1.919718239990229951e+06 2.238500061000000017e+02
6.363610400024410337e+06 1.919717160034179920e+06 2.241799926799999980e+02
6.363607840026860125e+06 1.919716199951170012e+06 2.222799987799999997e+02
6.363605340026860125e+06 1.919715250000000000e+06 2.200800018299999863e+02
6.363605640014650300e+06 1.919710989990229951e+06 2.196499938999999983e+02
6.363607840026860125e+06 1.919711780029299902e+06 2.208300018299999863e+02
6.363609940002439544e+06 1.919712560058590025e+06 2.226399993900000140e+02
6.363612039978030138e+06 1.919713380004880019e+06 2.243099975599999993e+02
6.363614460021969862e+06 1.919714270019530086e+06 2.239799957300000131e+02
6.363617119995119981e+06 1.919715290039059939e+06 2.219199981700000137e+02
6.363619849975589663e+06 1.919714859985349933e+06 2.199499969500000134e+02
6.363616700012209825e+06 1.919713650024410104e+06 2.226699981700000137e+02
6.363613549987790175e+06 1.919712459960940061e+06 2.251999969500000134e+02
6.363611049987790175e+06 1.919711510009770049e+06 2.230299987799999997e+02
6.363608460021969862e+06 1.919710560058590025e+06 2.210599975599999993e+02
6.363606030029299669e+06 1.919709640014650067e+06 2.184100036600000010e+02
6.363605700012209825e+06 1.919705180053710006e+06 2.165299987799999997e+02
6.363608130004880019e+06 1.919706069946289994e+06 2.163999938999999983e+02
6.363609840026860125e+06 1.919706660034179920e+06 2.210000000000000000e+02
6.363612000000000000e+06 1.919707510009770049e+06 2.225700073200000020e+02
6.363614099975589663e+06 1.919708260009770049e+06 2.243800048800000013e+02
6.363616530029299669e+06 1.919709180053710006e+06 2.240500030499999866e+02
6.363619190002439544e+06 1.919710170043949969e+06 2.218500061000000017e+02
6.363620500000000000e+06 1.919709250000000000e+06 2.212899932900000124e+02
6.363617320007319562e+06 1.919708040039059939e+06 2.237500000000000000e+02
6.363614460021969862e+06 1.919706949951170012e+06 2.242100067099999876e+02
6.363611940002439544e+06 1.919706030029299902e+06 2.223099975599999993e+02
6.363609440002439544e+06 1.919705079956050031e+06 2.196199951199999987e+02
6.363607210021969862e+06 1.919704229980469914e+06 2.158500061000000017e+02
6.363612270019530319e+06 1.919701800048829988e+06 2.212599945100000127e+02
6.363614429992680438e+06 1.919702619995119981e+06 2.230000000000000000e+02
6.363616500000000000e+06 1.919703380004880019e+06 2.247700042699999869e+02
6.363618989990229718e+06 1.919704329956050031e+06 2.235200042699999869e+02
6.363621679992680438e+06 1.919705310058590025e+06 2.214199981700000137e+02
6.363622799987790175e+06 1.919705709960940061e+06 2.302500000000000000e+02
6.363621349975589663e+06 1.919703770019530086e+06 2.220800018299999863e+02
6.363618200012209825e+06 1.919702560058590025e+06 2.246399993900000140e+02
6.363615549987790175e+06 1.919701569946289994e+06 2.234900054899999873e+02
6.363612989990229718e+06 1.919700619995119981e+06 2.214600067099999876e+02
6.363613580017089844e+06 1.919696619995119981e+06 2.208000030499999866e+02
6.363615739990229718e+06 1.919697410034179920e+06 2.222799987799999997e+02
6.363617840026860125e+06 1.919698229980469914e+06 2.240200042699999869e+02
6.363620239990229718e+06 1.919699079956050031e+06 2.240500030499999866e+02
6.363622859985349700e+06 1.919700099975589896e+06 2.221100006099999860e+02
6.363623750000000000e+06 1.919698979980469914e+06 2.217500000000000000e+02
6.363620570007319562e+06 1.919697770019530086e+06 2.241799926799999980e+02
6.363617880004880019e+06 1.919696750000000000e+06 2.236499938999999983e+02
6.363615280029299669e+06 1.919695760009770049e+06 2.218200073200000020e+02
6.363616010009770282e+06 1.919691829956050031e+06 2.210599975599999993e+02
6.363618140014650300e+06 1.919692619995119981e+06 2.227400054899999873e+02
6.363620270019530319e+06 1.919693439941409975e+06 2.245399932900000124e+02
6.363622729980469681e+06 1.919694349975589896e+06 2.235899963399999990e+02
6.363625419982910156e+06 1.919695369995119981e+06 2.211900024400000007e+02
6.363625849975589663e+06 1.919694089965820080e+06 2.185000000000000000e+02
6.363617289978030138e+06 1.919686680053710006e+06 2.197500000000000000e+02
6.363619549987790175e+06 1.919687500000000000e+06 2.210000000000000000e+02
6.363621849975589663e+06 1.919688349975589896e+06 2.211600036600000010e+02
6.363605409973139875e+06 1.919716270019530086e+06 2.202799987799999997e+02
6.363607510009770282e+06 1.919717119995119981e+06 2.220800018299999863e+02
6.363609580017089844e+06 1.919718040039059939e+06 2.238200073200000020e+02
6.363611770019530319e+06 1.919718959960940061e+06 2.247700042699999869e+02
6.363614400024410337e+06 1.919720079956050031e+06 2.226999969500000134e+02
6.363617150024410337e+06 1.919721260009770049e+06 2.198500061000000017e+02
6.363616789978030138e+06 1.919719910034179920e+06 2.207700042699999869e+02
6.363613679992680438e+06 1.919718569946289994e+06 2.233300018299999863e+02
6.363610719970700331e+06 1.919717319946289994e+06 2.244700012200000003e+02
6.363608229980469681e+06 1.919716270019530086e+06 2.226399993900000140e+02
6.363605799987790175e+06 1.919715219970700098e+06 2.204400024400000007e+02
6.363604619995119981e+06 1.919710689941409975e+06 2.190899963399999990e+02
6.363606820007319562e+06 1.919711609985349933e+06 2.199799957300000131e+02
6.363608950012209825e+06 1.919712560058590025e+06 2.216499938999999983e+02
6.363610989990229718e+06 1.919713420043949969e+06 2.235599975599999993e+02
6.363613119995119981e+06 1.919714300048829988e+06 2.248999938999999983e+02
6.363615809997560456e+06 1.919715420043949969e+06 2.228699951199999987e+02
6.363618400024410337e+06 1.919716569946289994e+06 2.207299957300000131e+02
6.363619619995119981e+06 1.919715880004880019e+06 2.263800048800000013e+02
6.363617580017089844e+06 1.919715060058590025e+06 2.215200042699999869e+02
6.363614460021969862e+06 1.919713709960940061e+06 2.240500030499999866e+02
6.363611739990229718e+06 1.919712530029299902e+06 2.237899932900000124e+02
6.363609280029299669e+06 1.919711510009770049e+06 2.218500061000000017e+02
6.363606950012209825e+06 1.919710500000000000e+06 2.186000061000000017e+02
6.363604229980469681e+06 1.919709310058590025e+06 2.186999969500000134e+02
6.363604979980469681e+06 1.919705709960940061e+06 2.164700012200000003e+02
6.363607380004880019e+06 1.919706719970700098e+06 2.159100036600000010e+02
6.363609080017089844e+06 1.919707439941409975e+06 2.204700012200000003e+02
6.363611150024410337e+06 1.919708300048829988e+06 2.222400054899999873e+02
6.363613250000000000e+06 1.919709180053710006e+06 2.240200042699999869e+02
6.363615510009770282e+06 1.919710130004880019e+06 2.245399932900000124e+02
6.363618169982910156e+06 1.919711280029299902e+06 2.223399963399999990e+02
6.363620859985349700e+06 1.919712430053710006e+06 2.199499969500000134e+02
6.363619479980469681e+06 1.919710660034179920e+06 2.214600067099999876e+02
6.363616400024410337e+06 1.919709310058590025e+06 2.239199981700000137e+02
6.363613609985349700e+06 1.919708130004880019e+06 2.238800048800000013e+02
6.363611179992680438e+06 1.919707119995119981e+06 2.218500061000000017e+02
6.363609150024410337e+06 1.919706260009770049e+06 2.165700073200000020e+02
6.363606460021969862e+06 1.919705079956050031e+06 2.161100006099999860e+02
6.363608099975589663e+06 1.919701829956050031e+06 2.157500000000000000e+02
6.363610400024410337e+06 1.919702790039059939e+06 2.159799957300000131e+02
6.363611969970700331e+06 1.919703439941409975e+06 2.213600006099999860e+02
6.363614039978030138e+06 1.919704329956050031e+06 2.229700012200000003e+02
6.363616099975589663e+06 1.919705180053710006e+06 2.248000030499999866e+02
6.363618659973139875e+06 1.919706260009770049e+06 2.233600006099999860e+02
6.363621260009770282e+06 1.919707410034179920e+06 2.212899932900000124e+02
6.363619849975589663e+06 1.919705640014650067e+06 2.225099945100000127e+02
6.363616729980469681e+06 1.919704300048829988e+06 2.250299987799999997e+02
6.363614270019530319e+06 1.919703250000000000e+06 2.231000061000000017e+02
6.363611770019530319e+06 1.919702229980469914e+06 2.211900024400000007e+02
6.363612859985349700e+06 1.919698680053710006e+06 2.210000000000000000e+02
6.363614989990229718e+06 1.919699569946289994e+06 2.225700073200000020e+02
6.363617090026860125e+06 1.919700459960940061e+06 2.241499938999999983e+02
6.363619450012209825e+06 1.919701469970700098e+06 2.241100006099999860e+02
6.363622109985349700e+06 1.919702589965820080e+06 2.219199981700000137e+02
6.363623549987790175e+06 1.919702060058590025e+06 2.210299987799999997e+02
6.363620440002439544e+06 1.919700719970700098e+06 2.234600067099999876e+02
6.363617549987790175e+06 1.919699469970700098e+06 2.243099975599999993e+02
6.363615049987790175e+06 1.919698420043949969e+06 2.223399963399999990e+02
6.363612590026860125e+06 1.919697369995119981e+06 2.203099975599999993e+02
6.363615280029299669e+06 1.919694489990229951e+06 2.213899993900000140e+02
6.363617349975589663e+06 1.919695400024410104e+06 2.230000000000000000e+02
6.363619450012209825e+06 1.919696290039059939e+06 2.247700042699999869e+02
6.363621979980469681e+06 1.919697339965820080e+06 2.233300018299999863e+02
6.363624599975589663e+06 1.919698489990229951e+06 2.211900024400000007e+02
6.363623590026860125e+06 1.919696849975589896e+06 2.223399963399999990e+02
6.363620469970700331e+06 1.919695500000000000e+06 2.248699951199999987e+02
6.363617909973139875e+06 1.919694420043949969e+06 2.232299957300000131e+02
6.363615450012209825e+06 1.919693339965820080e+06 2.215200042699999869e+02
6.363623450012209825e+06 1.919692939941409975e+06 2.180399932900000124e+02
6.363625679992680438e+06 1.919693859985349933e+06 2.186300048800000013e+02
6.363625820007319562e+06 1.919692709960940061e+06 2.193899993900000140e+02
6.363623030029299669e+06 1.919691500000000000e+06 2.200099945100000127e+02
6.363620270019530319e+06 1.919690319946289994e+06 2.201799926799999980e+02
6.363617479980469681e+06 1.919689140014650067e+06 2.203099975599999993e+02
6.363623030029299669e+06 1.919690020019530086e+06 2.206999969500000134e+02
6.363620929992680438e+06 1.919689140014650067e+06 2.206699981700000137e+02
6.363618799987790175e+06 1.919688250000000000e+06 2.206999969500000134e+02
6.363616729980469681e+06 1.919687400024410104e+06 2.199799957300000131e+02
6.363625359985349700e+06 1.919696449951170012e+06 2.200500030499999866e+02
6.363623289978030138e+06 1.919695630004880019e+06 2.225399932900000124e+02
6.363621219970700331e+06 1.919694750000000000e+06 2.243800048800000013e+02
6.363619119995119981e+06 1.919693890014650067e+06 2.242100067099999876e+02
6.363616989990229718e+06 1.919693040039059939e+06 2.225099945100000127e+02
6.363614890014650300e+06 1.919692119995119981e+06 2.207299957300000131e+02
6.363613250000000000e+06 1.919694060058590025e+06 2.201799926799999980e+02
6.363615380004880019e+06 1.919694939941409975e+06 2.219799957300000131e+02
6.363617450012209825e+06 1.919695829956050031e+06 2.237500000000000000e+02
6.363619580017089844e+06 1.919696719970700098e+06 2.248999938999999983e+02
6.363621650024410337e+06 1.919697569946289994e+06 2.232299957300000131e+02
6.363623719970700331e+06 1.919698420043949969e+06 2.214900054899999873e+02
6.363623849975589663e+06 1.919701410034179920e+06 2.207299957300000131e+02
6.363621780029299669e+06 1.919700520019530086e+06 2.224400024400000007e+02
6.363619710021969862e+06 1.919699699951170012e+06 2.240800018299999863e+02
6.363617549987790175e+06 1.919698849975589896e+06 2.245399932900000124e+02
6.363615479980469681e+06 1.919697930053710006e+06 2.227700042699999869e+02
6.363613380004880019e+06 1.919697079956050031e+06 2.210599975599999993e+02
6.363612960021969862e+06 1.919699469970700098e+06 2.213899993900000140e+02
6.363615049987790175e+06 1.919700390014650067e+06 2.231300048800000013e+02
6.363617150024410337e+06 1.919701280029299902e+06 2.246999969500000134e+02
6.363619289978030138e+06 1.919702130004880019e+06 2.236199951199999987e+02
6.363621390014650300e+06 1.919702979980469914e+06 2.219799957300000131e+02
6.363623450012209825e+06 1.919703839965820080e+06 2.202799987799999997e+02
6.363622400024410337e+06 1.919706329956050031e+06 2.299199981700000137e+02
6.363620270019530319e+06 1.919705410034179920e+06 2.220500030499999866e+02
6.363618140014650300e+06 1.919704560058590025e+06 2.236900024400000007e+02
6.363616070007319562e+06 1.919703670043949969e+06 2.246999969500000134e+02
6.363613969970700331e+06 1.919702819946289994e+06 2.230000000000000000e+02
6.363611840026860125e+06 1.919701930053710006e+06 2.213600006099999860e+02
6.363607609985349700e+06 1.919702650024410104e+06 2.166300048800000013e+02
6.363609739990229718e+06 1.919703540039059939e+06 2.203399963399999990e+02
6.363611869995119981e+06 1.919704459960940061e+06 2.220500030499999866e+02
6.363614070007319562e+06 1.919705380004880019e+06 2.238500061000000017e+02
6.363616169982910156e+06 1.919706229980469914e+06 2.247700042699999869e+02
6.363618299987790175e+06 1.919707150024410104e+06 2.230299987799999997e+02
6.363620400024410337e+06 1.919708000000000000e+06 2.212899932900000124e+02
6.363620210021969862e+06 1.919710790039059939e+06 2.206699981700000137e+02
6.363618109985349700e+06 1.919709939941409975e+06 2.222100067099999876e+02
6.363616010009770282e+06 1.919709089965820080e+06 2.240500030499999866e+02
6.363613909973139875e+06 1.919708229980469914e+06 2.245099945100000127e+02
6.363611809997560456e+06 1.919707349975589896e+06 2.228000030499999866e+02
6.363609710021969862e+06 1.919706459960940061e+06 2.211600036600000010e+02
6.363607570007319562e+06 1.919705540039059939e+06 2.163699951199999987e+02
6.363605440002439544e+06 1.919704689941409975e+06 2.164400024400000007e+02
6.363605929992680438e+06 1.919707510009770049e+06 2.166300048800000013e+02
6.363608099975589663e+06 1.919708430053710006e+06 2.204100036600000010e+02
6.363610229980469681e+06 1.919709310058590025e+06 2.221799926799999980e+02
6.363612359985349700e+06 1.919710229980469914e+06 2.238800048800000013e+02
6.363614500000000000e+06 1.919711119995119981e+06 2.246399993900000140e+02
6.363616599975589663e+06 1.919711939941409975e+06 2.228699951199999987e+02
6.363618700012209825e+06 1.919712829956050031e+06 2.214900054899999873e+02
6.363618960021969862e+06 1.919715750000000000e+06 2.269700012200000003e+02
6.363616830017089844e+06 1.919714829956050031e+06 2.218800048800000013e+02
6.363614729980469681e+06 1.919713969970700098e+06 2.236199951199999987e+02
6.363612630004880019e+06 1.919713089965820080e+06 2.249299926799999980e+02
6.363610489990229718e+06 1.919712229980469914e+06 2.232599945100000127e+02
6.363608359985349700e+06 1.919711349975589896e+06 2.214900054899999873e+02
6.363606229980469681e+06 1.919710459960940061e+06 2.190000000000000000e+02
6.363604130004880019e+06 1.919709579956050031e+06 2.191900024400000007e+02
6.363604359985349700e+06 1.919712300048829988e+06 2.190299987799999997e+02
6.363606520019530319e+06 1.919713219970700098e+06 2.206000061000000017e+02
6.363608659973139875e+06 1.919714099975589896e+06 2.222400054899999873e+02
6.363610789978030138e+06 1.919714989990229951e+06 2.241799926799999980e+02
6.363612919982910156e+06 1.919715880004880019e+06 2.246100006099999860e+02
6.363615020019530319e+06 1.919716760009770049e+06 2.226699981700000137e+02
6.363617150024410337e+06 1.919717579956050031e+06 2.208699951199999987e+02
6.363615880004880019e+06 1.919719880004880019e+06 2.211300048800000013e+02
6.363613809997560456e+06 1.919719030029299902e+06 2.228999938999999983e+02
6.363611710021969862e+06 1.919718209960940061e+06 2.247700042699999869e+02
6.363609609985349700e+06 1.919717319946289994e+06 2.240200042699999869e+02
6.363607510009770282e+06 1.919716430053710006e+06 2.223399963399999990e+02
6.363605409973139875e+06 1.919715550048829988e+06 2.205399932900000124e+02
6.363607409973139875e+06 1.919717449951170012e+06 2.219499969500000134e+02
6.363606979980469681e+06 1.919716010009770049e+06 2.216199951199999987e+02
6.363610130004880019e+06 1.919717290039059939e+06 2.242100067099999876e+02
6.363612820007319562e+06 1.919718369995119981e+06 2.240500030499999866e+02
6.363615250000000000e+06 1.919719420043949969e+06 2.221799926799999980e+02
6.363616700012209825e+06 1.919715780029299902e+06 2.221100006099999860e+02
6.363614559997560456e+06 1.919714890014650067e+06 2.237500000000000000e+02
6.363612359985349700e+06 1.919714010009770049e+06 2.248399963399999990e+02
6.363609669982910156e+06 1.919712859985349933e+06 2.226399993900000140e+02
6.363606950012209825e+06 1.919711739990229951e+06 2.205700073200000020e+02
6.363604429992680438e+06 1.919710729980469914e+06 2.194900054899999873e+02
6.363604520019530319e+06 1.919709479980469914e+06 2.192899932900000124e+02
6.363607409973139875e+06 1.919710660034179920e+06 2.205700073200000020e+02
6.363610559997560456e+06 1.919711910034179920e+06 2.228300018299999863e+02
6.363613580017089844e+06 1.919713150024410104e+06 2.248999938999999983e+02
6.363616010009770282e+06 1.919714170043949969e+06 2.230599975599999993e+02
6.363618400024410337e+06 1.919715219970700098e+06 2.210599975599999993e+02
6.363618299987790175e+06 1.919710989990229951e+06 2.219799957300000131e+02
6.363616270019530319e+06 1.919710069946289994e+06 2.237899932900000124e+02
6.363614010009770282e+06 1.919709150024410104e+06 2.246699981700000137e+02
6.363611280029299669e+06 1.919708040039059939e+06 2.225099945100000127e+02
6.363608530029299669e+06 1.919706920043949969e+06 2.201399993900000140e+02
6.363605570007319562e+06 1.919705709960940061e+06 2.164700012200000003e+02
6.363605669982910156e+06 1.919704489990229951e+06 2.166300048800000013e+02
6.363608619995119981e+06 1.919705709960940061e+06 2.178800048800000013e+02
6.363612099975589663e+06 1.919707119995119981e+06 2.227400054899999873e+02
6.363615219970700331e+06 1.919708359985349933e+06 2.251600036600000010e+02
6.363617609985349700e+06 1.919709380004880019e+06 2.231000061000000017e+02
6.363620010009770282e+06 1.919710359985349933e+06 2.211300048800000013e+02
6.363619390014650300e+06 1.919705839965820080e+06 2.228000030499999866e+02
6.363617289978030138e+06 1.919704979980469914e+06 2.243399963399999990e+02
6.363614859985349700e+06 1.919703969970700098e+06 2.239499969500000134e+02
6.363612169982910156e+06 1.919702880004880019e+06 2.217500000000000000e+02
6.363611090026860125e+06 1.919701150024410104e+06 2.203699951199999987e+02
6.363614200012209825e+06 1.919702430053710006e+06 2.228699951199999987e+02
6.363617250000000000e+06 1.919703670043949969e+06 2.249700012200000003e+02
6.363619619995119981e+06 1.919704660034179920e+06 2.229700012200000003e+02
6.363622369995119981e+06 1.919701569946289994e+06 2.218500061000000017e+02
6.363620270019530319e+06 1.919700689941409975e+06 2.234900054899999873e+02
6.363618140014650300e+06 1.919699770019530086e+06 2.250000000000000000e+02
6.363615380004880019e+06 1.919698650024410104e+06 2.226999969500000134e+02
6.363612659973139875e+06 1.919697540039059939e+06 2.205000000000000000e+02
6.363613969970700331e+06 1.919696780029299902e+06 2.211300048800000013e+02
6.363617119995119981e+06 1.919698060058590025e+06 2.236199951199999987e+02
6.363619940002439544e+06 1.919699239990229951e+06 2.243399963399999990e+02
6.363622369995119981e+06 1.919700260009770049e+06 2.224700012200000003e+02
6.363624700012209825e+06 1.919701209960940061e+06 2.201100006099999860e+02
6.363621719970700331e+06 1.919695729980469914e+06 2.237500000000000000e+02
6.363619450012209825e+06 1.919694780029299902e+06 2.245099945100000127e+02
6.363616760009770282e+06 1.919693670043949969e+06 2.223099975599999993e+02
6.363614010009770282e+06 1.919692550048829988e+06 2.201399993900000140e+02
6.363616729980469681e+06 1.919692349975589896e+06 2.218200073200000020e+02
6.363619849975589663e+06 1.919693630004880019e+06 2.242400054899999873e+02
6.363622469970700331e+06 1.919694719970700098e+06 2.237500000000000000e+02
6.363620500000000000e+06 1.919689699951170012e+06 2.205700073200000020e+02
6.363618200012209825e+06 1.919688709960940061e+06 2.208000030499999866e+02
6.363618960021969862e+06 1.919687729980469914e+06 2.210599975599999993e+02
6.363621719970700331e+06 1.919688839965820080e+06 2.211300048800000013e+02
