6.363610489990229718e+06 1.919786319946289994e+06 2.353300018299999863e+02
6.363603570007319562e+06 1.919779329956050031e+06 2.225700073200000020e+02
6.363605020019530319e+06 1.919780119995119981e+06 2.279900054899999873e+02
6.363606030029299669e+06 1.919780800048829988e+06 2.369400024400000007e+02
6.363608169982910156e+06 1.919781660034179920e+06 2.380899963399999990e+02
6.363610559997560456e+06 1.919782540039059939e+06 2.373999938999999983e+02
6.363611090026860125e+06 1.919781359985349933e+06 2.358300018299999863e+02
6.363608099975589663e+06 1.919780310058590025e+06 2.381199951199999987e+02
6.363605669982910156e+06 1.919779329956050031e+06 2.366799926799999980e+02
6.363603469970700331e+06 1.919778380004880019e+06 2.336900024400000007e+02
6.363605539978030138e+06 1.919778670043949969e+06 2.199799957300000131e+02
6.363602919982910156e+06 1.919777650024410104e+06 2.198200073200000020e+02
6.363598489990229718e+06 1.919776380004880019e+06 2.315000000000000000e+02
6.363599859985349700e+06 1.919772959960940061e+06 2.300800018299999863e+02
6.363602460021969862e+06 1.919773880004880019e+06 2.283500061000000017e+02
6.363605109985349700e+06 1.919774800048829988e+06 2.265099945100000127e+02
6.363606130004880019e+06 1.919775520019530086e+06 2.351699981700000137e+02
6.363609020019530319e+06 1.919776510009770049e+06 2.316300048800000013e+02
6.363610530029299669e+06 1.919777260009770049e+06 2.370700073200000020e+02
6.363612659973139875e+06 1.919778109985349933e+06 2.387799987799999997e+02
6.363613349975589663e+06 1.919777130004880019e+06 2.381600036600000010e+02
6.363610690002439544e+06 1.919776050048829988e+06 2.373000030499999866e+02
6.363608169982910156e+06 1.919775030029299902e+06 2.354299926799999980e+02
6.363605510009770282e+06 1.919773979980469914e+06 2.345099945100000127e+02
6.363603739990229718e+06 1.919773060058590025e+06 2.276199951199999987e+02
6.363601770019530319e+06 1.919772109985349933e+06 2.222100067099999876e+02
6.363601280029299669e+06 1.919768109985349933e+06 2.243399963399999990e+02
6.363602030029299669e+06 1.919768800048829988e+06 2.353999938999999983e+02
6.363603869995119981e+06 1.919769619995119981e+06 2.384499969500000134e+02
6.363606590026860125e+06 1.919770540039059939e+06 2.363200073200000020e+02
6.363607669982910156e+06 1.919771290039059939e+06 2.444499969500000134e+02
6.363611119995119981e+06 1.919772339965820080e+06 2.376300048800000013e+02
6.363612460021969862e+06 1.919773060058590025e+06 2.441900024400000007e+02
6.363616960021969862e+06 1.919773650024410104e+06 2.471100006099999860e+02
6.363611909973139875e+06 1.919771619995119981e+06 2.439600067099999876e+02
6.363608559997560456e+06 1.919770469970700098e+06 2.474700012200000003e+02
6.363606460021969862e+06 1.919769489990229951e+06 2.433399963399999990e+02
6.363604429992680438e+06 1.919768569946289994e+06 2.383899993900000140e+02
6.363606520019530319e+06 1.919768829956050031e+06 2.246999969500000134e+02
6.363601929992680438e+06 1.919767550048829988e+06 2.365200042699999869e+02
6.363601140014650300e+06 1.919766729980469914e+06 2.234199981700000137e+02
6.363601929992680438e+06 1.919763219970700098e+06 2.251300048800000013e+02
6.363604000000000000e+06 1.919764040039059939e+06 2.268399963399999990e+02
6.363603539978030138e+06 1.919764560058590025e+06 2.456699981700000137e+02
6.363605840026860125e+06 1.919764859985349933e+06 2.304499969500000134e+02
6.363605969970700331e+06 1.919765449951170012e+06 2.449100036600000010e+02
6.363609710021969862e+06 1.919765969970700098e+06 2.202400054899999873e+02
6.363607609985349700e+06 1.919766270019530086e+06 2.496699981700000137e+02
6.363610359985349700e+06 1.919767219970700098e+06 2.470800018299999863e+02
6.363612559997560456e+06 1.919768069946289994e+06 2.477700042699999869e+02
6.363616659973139875e+06 1.919768670043949969e+06 2.208999938999999983e+02
6.363614599975589663e+06 1.919768959960940061e+06 2.503300018299999863e+02
6.363617450012209825e+06 1.919769910034179920e+06 2.466900024400000007e+02
6.363620010009770282e+06 1.919770829956050031e+06 2.452400054899999873e+02
6.363621320007319562e+06 1.919770170043949969e+06 2.477400054899999873e+02
6.363618400024410337e+06 1.919769089965820080e+06 2.484900054899999873e+02
6.363615450012209825e+06 1.919768010009770049e+06 2.498000030499999866e+02
6.363612690002439544e+06 1.919766930053710006e+06 2.494400024400000007e+02
6.363614919982910156e+06 1.919767250000000000e+06 2.346499938999999983e+02
6.363610260009770282e+06 1.919765939941409975e+06 2.472799987799999997e+02
6.363607440002439544e+06 1.919764859985349933e+06 2.475099945100000127e+02
6.363604950012209825e+06 1.919763839965820080e+06 2.455700073200000020e+02
6.363604559997560456e+06 1.919763089965820080e+06 2.296900024400000007e+02
6.363602460021969862e+06 1.919762140014650067e+06 2.247700042699999869e+02
6.363602489990229718e+06 1.919758530029299902e+06 2.308099975599999993e+02
6.363603440002439544e+06 1.919759250000000000e+06 2.402899932900000124e+02
6.363606429992680438e+06 1.919759640014650067e+06 2.204400024400000007e+02
6.363606429992680438e+06 1.919760229980469914e+06 2.356999969500000134e+02
6.363608530029299669e+06 1.919760530029299902e+06 2.216499938999999983e+02
6.363608030029299669e+06 1.919761050048829988e+06 2.408500061000000017e+02
6.363610359985349700e+06 1.919761349975589896e+06 2.252899932900000124e+02
6.363609409973139875e+06 1.919761780029299902e+06 2.472100067099999876e+02
6.363611640014650300e+06 1.919762630004880019e+06 2.479700012200000003e+02
6.363613710021969862e+06 1.919762959960940061e+06 2.342200012200000003e+02
6.363614039978030138e+06 1.919763579956050031e+06 2.478999938999999983e+02
6.363616039978030138e+06 1.919764400024410104e+06 2.498999938999999983e+02
6.363618429992680438e+06 1.919765290039059939e+06 2.497700042699999869e+02
6.363622140014650300e+06 1.919766369995119981e+06 2.407500000000000000e+02
6.363624570007319562e+06 1.919767290039059939e+06 2.402899932900000124e+02
6.363620799987790175e+06 1.919764959960940061e+06 2.503899993900000140e+02
6.363618140014650300e+06 1.919763910034179920e+06 2.493399963399999990e+02
6.363615380004880019e+06 1.919762859985349933e+06 2.492400054899999873e+02
6.363612530029299669e+06 1.919761780029299902e+06 2.497700042699999869e+02
6.363610229980469681e+06 1.919760790039059939e+06 2.465899963399999990e+02
6.363608359985349700e+06 1.919759869995119981e+06 2.406199951199999987e+02
6.363610530029299669e+06 1.919760170043949969e+06 2.262500000000000000e+02
6.363605309997560456e+06 1.919758760009770049e+06 2.420299987799999997e+02
6.363603049987790175e+06 1.919757739990229951e+06 2.387799987799999997e+02
6.363603340026860125e+06 1.919754300048829988e+06 2.428800048800000013e+02
6.363605469970700331e+06 1.919755119995119981e+06 2.442899932900000124e+02
6.363608760009770282e+06 1.919755569946289994e+06 2.223099975599999993e+02
6.363607710021969862e+06 1.919756030029299902e+06 2.452400054899999873e+02
6.363611280029299669e+06 1.919756530029299902e+06 2.212899932900000124e+02
6.363610000000000000e+06 1.919756890014650067e+06 2.454100036600000010e+02
6.363612500000000000e+06 1.919757250000000000e+06 2.287400054899999873e+02
6.363612140014650300e+06 1.919757770019530086e+06 2.469499969500000134e+02
6.363614169982910156e+06 1.919758630004880019e+06 2.488800048800000013e+02
6.363616630004880019e+06 1.919759510009770049e+06 2.481600036600000010e+02
6.363619419982910156e+06 1.919759910034179920e+06 2.297899932900000124e+02
6.363618700012209825e+06 1.919760359985349933e+06 2.502299957300000131e+02
6.363621419982910156e+06 1.919760760009770049e+06 2.322200012200000003e+02
6.363622760009770282e+06 1.919761510009770049e+06 2.387500000000000000e+02
6.363624960021969862e+06 1.919762369995119981e+06 2.399299926799999980e+02
6.363626929992680438e+06 1.919761910034179920e+06 2.401199951199999987e+02
6.363624140014650300e+06 1.919760859985349933e+06 2.399299926799999980e+02
6.363621880004880019e+06 1.919759869995119981e+06 2.366100006099999860e+02
6.363617219970700331e+06 1.919758560058590025e+06 2.488800048800000013e+02
6.363614559997560456e+06 1.919757479980469914e+06 2.478999938999999983e+02
6.363612099975589663e+06 1.919756459960940061e+06 2.463200073200000020e+02
6.363615280029299669e+06 1.919756920043949969e+06 2.251999969500000134e+02
6.363609669982910156e+06 1.919755479980469914e+06 2.437299957300000131e+02
6.363612169982910156e+06 1.919755800048829988e+06 2.271300048800000013e+02
6.363606690002439544e+06 1.919754359985349933e+06 2.453699951199999987e+02
6.363604099975589663e+06 1.919753339965820080e+06 2.436300048800000013e+02
6.363605109985349700e+06 1.919749869995119981e+06 2.433099975599999993e+02
6.363607609985349700e+06 1.919750819946289994e+06 2.423600006099999860e+02
6.363610200012209825e+06 1.919751739990229951e+06 2.404900054899999873e+02
6.363612099975589663e+06 1.919752560058590025e+06 2.435399932900000124e+02
6.363614200012209825e+06 1.919753380004880019e+06 2.451100006099999860e+02
6.363616929992680438e+06 1.919754359985349933e+06 2.425500030499999866e+02
6.363618659973139875e+06 1.919754589965820080e+06 2.310399932900000124e+02
6.363618989990229718e+06 1.919755180053710006e+06 2.441900024400000007e+02
6.363622340026860125e+06 1.919756199951170012e+06 2.376999969500000134e+02
6.363621909973139875e+06 1.919754790039059939e+06 2.356999969500000134e+02
6.363618109985349700e+06 1.919753569946289994e+06 2.424900054899999873e+02
6.363615049987790175e+06 1.919752489990229951e+06 2.441300048800000013e+02
6.363612229980469681e+06 1.919751410034179920e+06 2.444199981700000137e+02
6.363610630004880019e+06 1.919750520019530086e+06 2.366499938999999983e+02
6.363613840026860125e+06 1.919748060058590025e+06 2.408500061000000017e+02
6.363618429992680438e+06 1.919749829956050031e+06 2.416699981700000137e+02
6.363615809997560456e+06 1.919747540039059939e+06 2.404499969500000134e+02
6.363609349975589663e+06 1.919786780029299902e+06 2.353300018299999863e+02
6.363602650024410337e+06 1.919779430053710006e+06 2.222799987799999997e+02
6.363604059997560456e+06 1.919780250000000000e+06 2.279900054899999873e+02
6.363604750000000000e+06 1.919780900024410104e+06 2.380899963399999990e+02
6.363607210021969862e+06 1.919781890014650067e+06 2.371999969500000134e+02
6.363609539978030138e+06 1.919782839965820080e+06 2.372400054899999873e+02
6.363612070007319562e+06 1.919783300048829988e+06 2.221100006099999860e+02
6.363609349975589663e+06 1.919781689941409975e+06 2.398600006099999860e+02
6.363606979980469681e+06 1.919780640014650067e+06 2.376600036600000010e+02
6.363605049987790175e+06 1.919779660034179920e+06 2.327799987799999997e+02
6.363604099975589663e+06 1.919778800048829988e+06 2.216499938999999983e+02
6.363599599975589663e+06 1.919773260009770049e+06 2.308699951199999987e+02
6.363602489990229718e+06 1.919774339965820080e+06 2.276199951199999987e+02
6.363605020019530319e+06 1.919775329956050031e+06 2.265099945100000127e+02
6.363605900024410337e+06 1.919776050048829988e+06 2.353300018299999863e+02
6.363608530029299669e+06 1.919777060058590025e+06 2.334299926799999980e+02
6.363610130004880019e+06 1.919777849975589896e+06 2.379900054899999873e+02
6.363612460021969862e+06 1.919778839965820080e+06 2.379900054899999873e+02
6.363611640014650300e+06 1.919777290039059939e+06 2.373699951199999987e+02
6.363609609985349700e+06 1.919776280029299902e+06 2.330700073200000020e+02
6.363607119995119981e+06 1.919775160034179920e+06 2.314299926799999980e+02
6.363605109985349700e+06 1.919774180053710006e+06 2.267700042699999869e+02
6.363602130004880019e+06 1.919773000000000000e+06 2.282799987799999997e+02
6.363598979980469681e+06 1.919771780029299902e+06 2.303500061000000017e+02
6.363601049987790175e+06 1.919768400024410104e+06 2.243800048800000013e+02
6.363601770019530319e+06 1.919769089965820080e+06 2.343800048800000013e+02
6.363604919982910156e+06 1.919770209960940061e+06 2.294900054899999873e+02
6.363606979980469681e+06 1.919771089965820080e+06 2.311699981700000137e+02
6.363607080017089844e+06 1.919771650024410104e+06 2.446199951199999987e+02
6.363610559997560456e+06 1.919772829956050031e+06 2.376999969500000134e+02
6.363613020019530319e+06 1.919773260009770049e+06 2.231600036600000010e+02
6.363614369995119981e+06 1.919773420043949969e+06 2.433099975599999993e+02
6.363611580017089844e+06 1.919772270019530086e+06 2.436999969500000134e+02
6.363608169982910156e+06 1.919771030029299902e+06 2.476399993900000140e+02
6.363610229980469681e+06 1.919771390014650067e+06 2.354700012200000003e+02
6.363606200012209825e+06 1.919770010009770049e+06 2.430399932900000124e+02
6.363604559997560456e+06 1.919769060058590025e+06 2.364799957300000131e+02
6.363601830017089844e+06 1.919767939941409975e+06 2.359900054899999873e+02
6.363601049987790175e+06 1.919767119995119981e+06 2.239499969500000134e+02
6.363600390014650300e+06 1.919762920043949969e+06 2.255899963399999990e+02
6.363602950012209825e+06 1.919763939941409975e+06 2.242400054899999873e+02
6.363603239990229718e+06 1.919764530029299902e+06 2.367799987799999997e+02
6.363604030029299669e+06 1.919765250000000000e+06 2.460299987799999997e+02
6.363605969970700331e+06 1.919765550048829988e+06 2.346499938999999983e+02
6.363606200012209825e+06 1.919766170043949969e+06 2.472799987799999997e+02
6.363608530029299669e+06 1.919766599975589896e+06 2.331999969500000134e+02
6.363608619995119981e+06 1.919767160034179920e+06 2.466499938999999983e+02
6.363611580017089844e+06 1.919767680053710006e+06 2.289400024400000007e+02
6.363610630004880019e+06 1.919768069946289994e+06 2.483300018299999863e+02
6.363613940002439544e+06 1.919768630004880019e+06 2.288099975599999993e+02
6.363613119995119981e+06 1.919769060058590025e+06 2.474700012200000003e+02
6.363614859985349700e+06 1.919769880004880019e+06 2.509499969500000134e+02
6.363618039978030138e+06 1.919770989990229951e+06 2.459600067099999876e+02
6.363620270019530319e+06 1.919771949951170012e+06 2.465200042699999869e+02
6.363618570007319562e+06 1.919769979980469914e+06 2.452100067099999876e+02
6.363614919982910156e+06 1.919768670043949969e+06 2.505200042699999869e+02
6.363612630004880019e+06 1.919767619995119981e+06 2.479299926799999980e+02
6.363610070007319562e+06 1.919766530029299902e+06 2.466499938999999983e+02
6.363606820007319562e+06 1.919765319946289994e+06 2.496699981700000137e+02
6.363604719970700331e+06 1.919764270019530086e+06 2.458999938999999983e+02
6.363604789978030138e+06 1.919763650024410104e+06 2.286699981700000137e+02
6.363602650024410337e+06 1.919762560058590025e+06 2.246399993900000140e+02
6.363604059997560456e+06 1.919759050048829988e+06 2.203399963399999990e+02
6.363603150024410337e+06 1.919759410034179920e+06 2.401900024400000007e+02
6.363606460021969862e+06 1.919760000000000000e+06 2.200099945100000127e+02
6.363605900024410337e+06 1.919760459960940061e+06 2.378899993900000140e+02
6.363607440002439544e+06 1.919761319946289994e+06 2.425800018299999863e+02
6.363610260009770282e+06 1.919761810058590025e+06 2.252599945100000127e+02
6.363609510009770282e+06 1.919762199951170012e+06 2.443200073200000020e+02
6.363611380004880019e+06 1.919763089965820080e+06 2.469799957300000131e+02
6.363613380004880019e+06 1.919764010009770049e+06 2.487500000000000000e+02
6.363615479980469681e+06 1.919764890014650067e+06 2.501000061000000017e+02
6.363617940002439544e+06 1.919765880004880019e+06 2.493399963399999990e+02
6.363620859985349700e+06 1.919766930053710006e+06 2.458699951199999987e+02
6.363623260009770282e+06 1.919767939941409975e+06 2.456000061000000017e+02
6.363624500000000000e+06 1.919767060058590025e+06 2.398300018299999863e+02
6.363621580017089844e+06 1.919765880004880019e+06 2.408800048800000013e+02
6.363617219970700331e+06 1.919764469970700098e+06 2.504299926799999980e+02
6.363614659973139875e+06 1.919763349975589896e+06 2.494700012200000003e+02
6.363611909973139875e+06 1.919762199951170012e+06 2.492799987799999997e+02
6.363609609985349700e+06 1.919761150024410104e+06 2.469199981700000137e+02
6.363607609985349700e+06 1.919760170043949969e+06 2.423600006099999860e+02
6.363610530029299669e+06 1.919760660034179920e+06 2.243800048800000013e+02
6.363605700012209825e+06 1.919759150024410104e+06 2.370700073200000020e+02
6.363603799987790175e+06 1.919758130004880019e+06 2.317299957300000131e+02
6.363603539978030138e+06 1.919754430053710006e+06 2.435700073200000020e+02
6.363605609985349700e+06 1.919755310058590025e+06 2.451100006099999860e+02
6.363609080017089844e+06 1.919755969970700098e+06 2.235899963399999990e+02
6.363608390014650300e+06 1.919756390014650067e+06 2.422899932900000124e+02
6.363610260009770282e+06 1.919757280029299902e+06 2.451399993900000140e+02
6.363612429992680438e+06 1.919757640014650067e+06 2.319499969500000134e+02
6.363612200012209825e+06 1.919758170043949969e+06 2.475099945100000127e+02
6.363614460021969862e+06 1.919759119995119981e+06 2.478000030499999866e+02
6.363617520019530319e+06 1.919759640014650067e+06 2.294600067099999876e+02
6.363616630004880019e+06 1.919760040039059939e+06 2.486499938999999983e+02
6.363618729980469681e+06 1.919760959960940061e+06 2.500000000000000000e+02
6.363621219970700331e+06 1.919761380004880019e+06 2.351699981700000137e+02
6.363622700012209825e+06 1.919762199951170012e+06 2.404199981700000137e+02
6.363624960021969862e+06 1.919763150024410104e+06 2.405200042699999869e+02
6.363626239990229718e+06 1.919762560058590025e+06 2.405500030499999866e+02
6.363623650024410337e+06 1.919761410034179920e+06 2.396300048800000013e+02
6.363619190002439544e+06 1.919760000000000000e+06 2.499299926799999980e+02
6.363616729980469681e+06 1.919758920043949969e+06 2.478999938999999983e+02
6.363619549987790175e+06 1.919759410034179920e+06 2.313300018299999863e+02
6.363613869995119981e+06 1.919757770019530086e+06 2.488200073200000020e+02
6.363611510009770282e+06 1.919756660034179920e+06 2.464199981700000137e+02
6.363609179992680438e+06 1.919755640014650067e+06 2.435700073200000020e+02
6.363606099975589663e+06 1.919754390014650067e+06 2.458300018299999863e+02
6.363603669982910156e+06 1.919753310058590025e+06 2.435399932900000124e+02
6.363606429992680438e+06 1.919750390014650067e+06 2.433699951199999987e+02
6.363608849975589663e+06 1.919751339965820080e+06 2.429799957300000131e+02
6.363611049987790175e+06 1.919752290039059939e+06 2.438000030499999866e+02
6.363613179992680438e+06 1.919752689941409975e+06 2.307700042699999869e+02
6.363613150024410337e+06 1.919753250000000000e+06 2.451100006099999860e+02
6.363615710021969862e+06 1.919754229980469914e+06 2.438999938999999983e+02
6.363618169982910156e+06 1.919754660034179920e+06 2.290700073200000020e+02
6.363617880004880019e+06 1.919755180053710006e+06 2.449499969500000134e+02
6.363621349975589663e+06 1.919756329956050031e+06 2.379600067099999876e+02
6.363623880004880019e+06 1.919757310058590025e+06 2.371399993900000140e+02
6.363621979980469681e+06 1.919755380004880019e+06 2.369400024400000007e+02
6.363618109985349700e+06 1.919754069946289994e+06 2.437700042699999869e+02
6.363615380004880019e+06 1.919752920043949969e+06 2.433399963399999990e+02
6.363612590026860125e+06 1.919751770019530086e+06 2.438300018299999863e+02
6.363611090026860125e+06 1.919750849975589896e+06 2.362899932900000124e+02
6.363607539978030138e+06 1.919749569946289994e+06 2.408099975599999993e+02
6.363614729980469681e+06 1.919748459960940061e+06 2.415700073200000020e+02
6.363617289978030138e+06 1.919749469970700098e+06 2.401600036600000010e+02
6.363619289978030138e+06 1.919750390014650067e+06 2.424499969500000134e+02
6.363615280029299669e+06 1.919747439941409975e+06 2.405800018299999863e+02
6.363614690002439544e+06 1.919747180053710006e+06 2.405200042699999869e+02
6.363621719970700331e+06 1.919753020019530086e+06 2.355299987799999997e+02
6.363619580017089844e+06 1.919752160034179920e+06 2.367400054899999873e+02
6.363617580017089844e+06 1.919751109985349933e+06 2.424199981700000137e+02
6.363615510009770282e+06 1.919750229980469914e+06 2.438000030499999866e+02
6.363613380004880019e+06 1.919749369995119981e+06 2.440599975599999993e+02
6.363611250000000000e+06 1.919748619995119981e+06 2.407100067099999876e+02
6.363605669982910156e+06 1.919748910034179920e+06 2.432700042699999869e+02
6.363607710021969862e+06 1.919749829956050031e+06 2.413699951199999987e+02
6.363609840026860125e+06 1.919750719970700098e+06 2.401199951199999987e+02
6.363611969970700331e+06 1.919751469970700098e+06 2.435000000000000000e+02
6.363614070007319562e+06 1.919752329956050031e+06 2.449799957300000131e+02
6.363616169982910156e+06 1.919753250000000000e+06 2.420599975599999993e+02
6.363618270019530319e+06 1.919754030029299902e+06 2.437299957300000131e+02
6.363620270019530319e+06 1.919755119995119981e+06 2.361900024400000007e+02
6.363622400024410337e+06 1.919755939941409975e+06 2.382899932900000124e+02
6.363625000000000000e+06 1.919759839965820080e+06 2.355299987799999997e+02
6.363622929992680438e+06 1.919758920043949969e+06 2.377299957300000131e+02
6.363620799987790175e+06 1.919758069946289994e+06 2.368800048800000013e+02
6.363618729980469681e+06 1.919757150024410104e+06 2.408099975599999993e+02
6.363616760009770282e+06 1.919756099975589896e+06 2.484199981700000137e+02
6.363614599975589663e+06 1.919755310058590025e+06 2.450500030499999866e+02
6.363612500000000000e+06 1.919754430053710006e+06 2.461000061000000017e+02
6.363610400024410337e+06 1.919753640014650067e+06 2.448200073200000020e+02
6.363610099975589663e+06 1.919754130004880019e+06 2.253600006099999860e+02
6.363608260009770282e+06 1.919752790039059939e+06 2.438300018299999863e+02
6.363606159973139875e+06 1.919751930053710006e+06 2.441600036600000010e+02
6.363604059997560456e+06 1.919751150024410104e+06 2.421300048800000013e+02
6.363602289978030138e+06 1.919753109985349933e+06 2.422899932900000124e+02
6.363604460021969862e+06 1.919753969970700098e+06 2.439600067099999876e+02
6.363606590026860125e+06 1.919754790039059939e+06 2.452400054899999873e+02
6.363608659973139875e+06 1.919755670043949969e+06 2.438999938999999983e+02
6.363608299987790175e+06 1.919756260009770049e+06 2.219799957300000131e+02
6.363610820007319562e+06 1.919756489990229951e+06 2.464199981700000137e+02
6.363612960021969862e+06 1.919757280029299902e+06 2.483600006099999860e+02
6.363615049987790175e+06 1.919758170043949969e+06 2.474100036600000010e+02
6.363617150024410337e+06 1.919758989990229951e+06 2.488500061000000017e+02
6.363616890014650300e+06 1.919759540039059939e+06 2.284400024400000007e+02
6.363619289978030138e+06 1.919759839965820080e+06 2.494100036600000010e+02
6.363619059997560456e+06 1.919760329956050031e+06 2.322799987799999997e+02
6.363621190002439544e+06 1.919761089965820080e+06 2.351999969500000134e+02
6.363623320007319562e+06 1.919761839965820080e+06 2.393399963399999990e+02
6.363625489990229718e+06 1.919762660034179920e+06 2.408099975599999993e+02
6.363624539978030138e+06 1.919765089965820080e+06 2.401600036600000010e+02
6.363622400024410337e+06 1.919764270019530086e+06 2.401900024400000007e+02
6.363620469970700331e+06 1.919763150024410104e+06 2.503300018299999863e+02
6.363618400024410337e+06 1.919762300048829988e+06 2.496399993900000140e+02
6.363616239990229718e+06 1.919761510009770049e+06 2.482599945100000127e+02
6.363615909973139875e+06 1.919762140014650067e+06 2.250700073200000020e+02
6.363614169982910156e+06 1.919760689941409975e+06 2.467200012200000003e+02
6.363613969970700331e+06 1.919761089965820080e+06 2.329400024400000007e+02
6.363612169982910156e+06 1.919759770019530086e+06 2.495099945100000127e+02
6.363610000000000000e+06 1.919758989990229951e+06 2.468500061000000017e+02
6.363609710021969862e+06 1.919759540039059939e+06 2.261499938999999983e+02
6.363607900024410337e+06 1.919758300048829988e+06 2.425500030499999866e+02
6.363605840026860125e+06 1.919757479980469914e+06 2.415700073200000020e+02
6.363603739990229718e+06 1.919756589965820080e+06 2.431100006099999860e+02
6.363601960021969862e+06 1.919758630004880019e+06 2.394400024400000007e+02
6.363604059997560456e+06 1.919759510009770049e+06 2.395299987799999997e+02
6.363603770019530319e+06 1.919760040039059939e+06 2.202400054899999873e+02
6.363606260009770282e+06 1.919760270019530086e+06 2.433699951199999987e+02
6.363606030029299669e+06 1.919760660034179920e+06 2.282100067099999876e+02
6.363608359985349700e+06 1.919761089965820080e+06 2.447200012200000003e+02
6.363610489990229718e+06 1.919761910034179920e+06 2.465200042699999869e+02
6.363610229980469681e+06 1.919762459960940061e+06 2.266699981700000137e+02
6.363612400024410337e+06 1.919763119995119981e+06 2.325099945100000127e+02
6.363614729980469681e+06 1.919763510009770049e+06 2.491499938999999983e+02
6.363616859985349700e+06 1.919764369995119981e+06 2.503300018299999863e+02
6.363618890014650300e+06 1.919765380004880019e+06 2.449799957300000131e+02
6.363618630004880019e+06 1.919765839965820080e+06 2.271300048800000013e+02
6.363620960021969862e+06 1.919766199951170012e+06 2.450099945100000127e+02
6.363622989990229718e+06 1.919767219970700098e+06 2.406199951199999987e+02
6.363622539978030138e+06 1.919769550048829988e+06 2.489199981700000137e+02
6.363620369995119981e+06 1.919768729980469914e+06 2.482599945100000127e+02
6.363618299987790175e+06 1.919767839965820080e+06 2.486499938999999983e+02
6.363616200012209825e+06 1.919766989990229951e+06 2.482599945100000127e+02
6.363615840026860125e+06 1.919767750000000000e+06 2.218800048800000013e+02
6.363614070007319562e+06 1.919766170043949969e+06 2.477400054899999873e+02
6.363612000000000000e+06 1.919765250000000000e+06 2.493800048800000013e+02
6.363609900024410337e+06 1.919764430053710006e+06 2.483300018299999863e+02
6.363607840026860125e+06 1.919763650024410104e+06 2.478000030499999866e+02
6.363605739990229718e+06 1.919762829956050031e+06 2.462299957300000131e+02
6.363603570007319562e+06 1.919762000000000000e+06 2.444199981700000137e+02
6.363603210021969862e+06 1.919762500000000000e+06 2.252599945100000127e+02
6.363601109985349700e+06 1.919761640014650067e+06 2.256199951199999987e+02
6.363600849975589663e+06 1.919764199951170012e+06 2.251000061000000017e+02
6.363603340026860125e+06 1.919764530029299902e+06 2.457299957300000131e+02
6.363605469970700331e+06 1.919765319946289994e+06 2.488500061000000017e+02
6.363605250000000000e+06 1.919765780029299902e+06 2.326799926799999980e+02
6.363607609985349700e+06 1.919766140014650067e+06 2.495399932900000124e+02
6.363609669982910156e+06 1.919767020019530086e+06 2.480599975599999993e+02
6.363611640014650300e+06 1.919768140014650067e+06 2.397299957300000131e+02
6.363613909973139875e+06 1.919768699951170012e+06 2.506900024400000007e+02
6.363616010009770282e+06 1.919769550048829988e+06 2.500700073200000020e+02
6.363618010009770282e+06 1.919770540039059939e+06 2.459299926799999980e+02
6.363620140014650300e+06 1.919771390014650067e+06 2.463200073200000020e+02
6.363616890014650300e+06 1.919772930053710006e+06 2.472100067099999876e+02
6.363614830017089844e+06 1.919772010009770049e+06 2.495399932900000124e+02
6.363612690002439544e+06 1.919771089965820080e+06 2.502599945100000127e+02
6.363610489990229718e+06 1.919770439941409975e+06 2.435700073200000020e+02
6.363610200012209825e+06 1.919771030029299902e+06 2.230599975599999993e+02
6.363608460021969862e+06 1.919769489990229951e+06 2.469499969500000134e+02
6.363608229980469681e+06 1.919769910034179920e+06 2.322500000000000000e+02
6.363606330017089844e+06 1.919768599975589896e+06 2.468200073200000020e+02
6.363604159973139875e+06 1.919767810058590025e+06 2.445200042699999869e+02
6.363603869995119981e+06 1.919768369995119981e+06 2.251300048800000013e+02
6.363602000000000000e+06 1.919767219970700098e+06 2.370700073200000020e+02
6.363599640014650300e+06 1.919766699951170012e+06 2.232599945100000127e+02
6.363600390014650300e+06 1.919769650024410104e+06 2.243099975599999993e+02
6.363604789978030138e+06 1.919771089965820080e+06 2.356000061000000017e+02
6.363607049987790175e+06 1.919771680053710006e+06 2.446499938999999983e+02
6.363606890014650300e+06 1.919772040039059939e+06 2.324100036600000010e+02
6.363609020019530319e+06 1.919772800048829988e+06 2.357599945100000127e+02
6.363611150024410337e+06 1.919773550048829988e+06 2.385800018299999863e+02
6.363610859985349700e+06 1.919774050048829988e+06 2.217500000000000000e+02
6.363613280029299669e+06 1.919774410034179920e+06 2.388099975599999993e+02
6.363613090026860125e+06 1.919774770019530086e+06 2.266100006099999860e+02
6.363613150024410337e+06 1.919777229980469914e+06 2.389400024400000007e+02
6.363612989990229718e+06 1.919777619995119981e+06 2.255599975599999993e+02
6.363611020019530319e+06 1.919776410034179920e+06 2.378600006099999860e+02
6.363608849975589663e+06 1.919775719970700098e+06 2.326799926799999980e+02
6.363606750000000000e+06 1.919774869995119981e+06 2.313300018299999863e+02
6.363604520019530319e+06 1.919774140014650067e+06 2.264799957300000131e+02
6.363602390014650300e+06 1.919773359985349933e+06 2.242100067099999876e+02
6.363600419982910156e+06 1.919772339965820080e+06 2.294900054899999873e+02
6.363598260009770282e+06 1.919774180053710006e+06 2.309700012200000003e+02
6.363602359985349700e+06 1.919776109985349933e+06 2.247700042699999869e+02
6.363604650024410337e+06 1.919776699951170012e+06 2.344799957300000131e+02
6.363606789978030138e+06 1.919777459960940061e+06 2.375299987799999997e+02
6.363608890014650300e+06 1.919778310058590025e+06 2.377899932900000124e+02
6.363611020019530319e+06 1.919779130004880019e+06 2.387100067099999876e+02
6.363613049987790175e+06 1.919780150024410104e+06 2.330000000000000000e+02
6.363615119995119981e+06 1.919781069946289994e+06 2.318899993900000140e+02
6.363610559997560456e+06 1.919781849975589896e+06 2.361199951199999987e+02
6.363610359985349700e+06 1.919782250000000000e+06 2.228699951199999987e+02
6.363608489990229718e+06 1.919780900024410104e+06 2.393999938999999983e+02
6.363606359985349700e+06 1.919780079956050031e+06 2.375000000000000000e+02
6.363604099975589663e+06 1.919779489990229951e+06 2.286399993900000140e+02
6.363606260009770282e+06 1.919783099975589896e+06 2.302500000000000000e+02
6.363608489990229718e+06 1.919783719970700098e+06 2.370700073200000020e+02
6.363610590026860125e+06 1.919784609985349933e+06 2.355599975599999993e+02
6.363608849975589663e+06 1.919786810058590025e+06 2.341499938999999983e+02
6.363611510009770282e+06 1.919786219970700098e+06 2.353699951199999987e+02
6.363609280029299669e+06 1.919785359985349933e+06 2.363800048800000013e+02
6.363606849975589663e+06 1.919784349975589896e+06 2.359199981700000137e+02
6.363607710021969862e+06 1.919783459960940061e+06 2.357599945100000127e+02
6.363610400024410337e+06 1.919784510009770049e+06 2.355599975599999993e+02
6.363608460021969862e+06 1.919783300048829988e+06 2.220800018299999863e+02
6.363611119995119981e+06 1.919784310058590025e+06 2.215899963399999990e+02
6.363613349975589663e+06 1.919781430053710006e+06 2.313600006099999860e+02
6.363611450012209825e+06 1.919780770019530086e+06 2.346799926799999980e+02
6.363609309997560456e+06 1.919779979980469914e+06 2.365800018299999863e+02
6.363607179992680438e+06 1.919779199951170012e+06 2.379900054899999873e+02
6.363604750000000000e+06 1.919777589965820080e+06 2.205399932900000124e+02
6.363604429992680438e+06 1.919777949951170012e+06 2.348399963399999990e+02
6.363600820007319562e+06 1.919776180053710006e+06 2.261199951199999987e+02
6.363599210021969862e+06 1.919775719970700098e+06 2.314600067099999876e+02
6.363596909973139875e+06 1.919774829956050031e+06 2.319900054899999873e+02
6.363602260009770282e+06 1.919775489990229951e+06 2.245700073200000020e+02
6.363606849975589663e+06 1.919777790039059939e+06 2.380599975599999993e+02
6.363604359985349700e+06 1.919776180053710006e+06 2.205399932900000124e+02
6.363609479980469681e+06 1.919778800048829988e+06 2.373699951199999987e+02
6.363611609985349700e+06 1.919779560058590025e+06 2.335599975599999993e+02
6.363609869995119981e+06 1.919778410034179920e+06 2.211900024400000007e+02
6.363614200012209825e+06 1.919780540039059939e+06 2.326799926799999980e+02
6.363612630004880019e+06 1.919775459960940061e+06 2.239799957300000131e+02
6.363612200012209825e+06 1.919775750000000000e+06 2.377299957300000131e+02
6.363609609985349700e+06 1.919774670043949969e+06 2.361900024400000007e+02
6.363607049987790175e+06 1.919773589965820080e+06 2.346799926799999980e+02
6.363605309997560456e+06 1.919772469970700098e+06 2.222799987799999997e+02
6.363604130004880019e+06 1.919772270019530086e+06 2.305800018299999863e+02
6.363601080017089844e+06 1.919770859985349933e+06 2.257200012200000003e+02
6.363599109985349700e+06 1.919768800048829988e+06 2.238800048800000013e+02
6.363601929992680438e+06 1.919769939941409975e+06 2.246999969500000134e+02
6.363606159973139875e+06 1.919771949951170012e+06 2.353300018299999863e+02
6.363608849975589663e+06 1.919773089965820080e+06 2.355599975599999993e+02
6.363611909973139875e+06 1.919774369995119981e+06 2.378899993900000140e+02
6.363609580017089844e+06 1.919772859985349933e+06 2.216900024400000007e+02
6.363613049987790175e+06 1.919774439941409975e+06 2.270299987799999997e+02
6.363615090026860125e+06 1.919775099975589896e+06 2.224700012200000003e+02
6.363616859985349700e+06 1.919772569946289994e+06 2.469199981700000137e+02
6.363614169982910156e+06 1.919770829956050031e+06 2.278899993900000140e+02
6.363614890014650300e+06 1.919771880004880019e+06 2.499700012200000003e+02
6.363610989990229718e+06 1.919769319946289994e+06 2.221799926799999980e+02
6.363611580017089844e+06 1.919770270019530086e+06 2.428500061000000017e+02
6.363608919982910156e+06 1.919768530029299902e+06 2.240800018299999863e+02
6.363609669982910156e+06 1.919769619995119981e+06 2.460000000000000000e+02
6.363607440002439544e+06 1.919768729980469914e+06 2.468200073200000020e+02
6.363604820007319562e+06 1.919767619995119981e+06 2.446799926799999980e+02
6.363601280029299669e+06 1.919765880004880019e+06 2.364799957300000131e+02
6.363599369995119981e+06 1.919763550048829988e+06 2.261199951199999987e+02
6.363605020019530319e+06 1.919766500000000000e+06 2.465200042699999869e+02
6.363607640014650300e+06 1.919767550048829988e+06 2.462899932900000124e+02
6.363605309997560456e+06 1.919766040039059939e+06 2.299499969500000134e+02
6.363610169982910156e+06 1.919768500000000000e+06 2.450500030499999866e+02
6.363613609985349700e+06 1.919770109985349933e+06 2.504600067099999876e+02
6.363610690002439544e+06 1.919768209960940061e+06 2.299499969500000134e+02
6.363615909973139875e+06 1.919770930053710006e+06 2.479700012200000003e+02
6.363613280029299669e+06 1.919769219970700098e+06 2.291000061000000017e+02
6.363618429992680438e+06 1.919771880004880019e+06 2.463600006099999860e+02
6.363621780029299669e+06 1.919769160034179920e+06 2.482299957300000131e+02
6.363619320007319562e+06 1.919768140014650067e+06 2.473699951199999987e+02
6.363615969970700331e+06 1.919765939941409975e+06 2.234600067099999876e+02
6.363617190002439544e+06 1.919767349975589896e+06 2.489499969500000134e+02
6.363614729980469681e+06 1.919766300048829988e+06 2.480000000000000000e+02
6.363612559997560456e+06 1.919765479980469914e+06 2.493099975599999993e+02
6.363609969970700331e+06 1.919764400024410104e+06 2.476999969500000134e+02
6.363607570007319562e+06 1.919763420043949969e+06 2.473399963399999990e+02
6.363604750000000000e+06 1.919762170043949969e+06 2.442599945100000127e+02
6.363604429992680438e+06 1.919760560058590025e+06 2.406199951199999987e+02
6.363607710021969862e+06 1.919762040039059939e+06 2.450099945100000127e+02
6.363610719970700331e+06 1.919763319946289994e+06 2.472100067099999876e+02
6.363613609985349700e+06 1.919764560058590025e+06 2.492100067099999876e+02
6.363611679992680438e+06 1.919763280029299902e+06 2.355000000000000000e+02
6.363616270019530319e+06 1.919765609985349933e+06 2.488800048800000013e+02
6.363618530029299669e+06 1.919766430053710006e+06 2.461900024400000007e+02
6.363621219970700331e+06 1.919767520019530086e+06 2.465500030499999866e+02
6.363622929992680438e+06 1.919767979980469914e+06 2.394400024400000007e+02
6.363624640014650300e+06 1.919764329956050031e+06 2.336300048800000013e+02
6.363623289978030138e+06 1.919764069946289994e+06 2.408800048800000013e+02
6.363620599975589663e+06 1.919762859985349933e+06 2.385500030499999866e+02
6.363619940002439544e+06 1.919763020019530086e+06 2.503899993900000140e+02
6.363617450012209825e+06 1.919762000000000000e+06 2.495099945100000127e+02
6.363614919982910156e+06 1.919760890014650067e+06 2.479299926799999980e+02
6.363612820007319562e+06 1.919760099975589896e+06 2.494700012200000003e+02
6.363610039978030138e+06 1.919758859985349933e+06 2.465899963399999990e+02
6.363606979980469681e+06 1.919757439941409975e+06 2.414700012200000003e+02
6.363604919982910156e+06 1.919756689941409975e+06 2.433699951199999987e+02
6.363603640014650300e+06 1.919754920043949969e+06 2.438600006099999860e+02
6.363606489990229718e+06 1.919756099975589896e+06 2.452400054899999873e+02
6.363608849975589663e+06 1.919756989990229951e+06 2.431399993900000140e+02
6.363612140014650300e+06 1.919758430053710006e+06 2.474400024400000007e+02
6.363614859985349700e+06 1.919759540039059939e+06 2.476399993900000140e+02
6.363617809997560456e+06 1.919760819946289994e+06 2.498399963399999990e+02
6.363620400024410337e+06 1.919761869995119981e+06 2.492400054899999873e+02
6.363617650024410337e+06 1.919760040039059939e+06 2.296300048800000013e+02
6.363621909973139875e+06 1.919762140014650067e+06 2.409100036600000010e+02
6.363624440002439544e+06 1.919763150024410104e+06 2.398899993900000140e+02
6.363624109985349700e+06 1.919758760009770049e+06 2.373999938999999983e+02
6.363621489990229718e+06 1.919757609985349933e+06 2.351399993900000140e+02
6.363619349975589663e+06 1.919756790039059939e+06 2.367799987799999997e+02
6.363617609985349700e+06 1.919756199951170012e+06 2.408800048800000013e+02
6.363616400024410337e+06 1.919756030029299902e+06 2.489199981700000137e+02
6.363613640014650300e+06 1.919754819946289994e+06 2.461000061000000017e+02
6.363611179992680438e+06 1.919753800048829988e+06 2.451799926799999980e+02
6.363609409973139875e+06 1.919752619995119981e+06 2.329700012200000003e+02
6.363608590026860125e+06 1.919752689941409975e+06 2.438300018299999863e+02
6.363606429992680438e+06 1.919751829956050031e+06 2.448800048800000013e+02
6.363603739990229718e+06 1.919750650024410104e+06 2.424199981700000137e+02
6.363605250000000000e+06 1.919750099975589896e+06 2.433399963399999990e+02
6.363608070007319562e+06 1.919751239990229951e+06 2.440000000000000000e+02
6.363610820007319562e+06 1.919752390014650067e+06 2.446499938999999983e+02
6.363613580017089844e+06 1.919753510009770049e+06 2.449499969500000134e+02
6.363616070007319562e+06 1.919754459960940061e+06 2.437700042699999869e+02
6.363618799987790175e+06 1.919755569946289994e+06 2.440000000000000000e+02
6.363620369995119981e+06 1.919755939941409975e+06 2.362899932900000124e+02
6.363618109985349700e+06 1.919754459960940061e+06 2.202100067099999876e+02
6.363623130004880019e+06 1.919757050048829988e+06 2.363500061000000017e+02
6.363623059997560456e+06 1.919752689941409975e+06 2.310399932900000124e+02
6.363621719970700331e+06 1.919752359985349933e+06 2.381600036600000010e+02
6.363619809997560456e+06 1.919751699951170012e+06 2.410800018299999863e+02
6.363617609985349700e+06 1.919750849975589896e+06 2.425500030499999866e+02
6.363615320007319562e+06 1.919749959960940061e+06 2.429499969500000134e+02
6.363612590026860125e+06 1.919748750000000000e+06 2.401199951199999987e+02
6.363614460021969862e+06 1.919748290039059939e+06 2.426799926799999980e+02
6.363604820007319562e+06 1.919782439941409975e+06 2.375299987799999997e+02
6.363607280029299669e+06 1.919783400024410104e+06 2.363800048800000013e+02
6.363609739990229718e+06 1.919784310058590025e+06 2.358899993900000140e+02
6.363608260009770282e+06 1.919782310058590025e+06 2.380899963399999990e+02
6.363605640014650300e+06 1.919781329956050031e+06 2.371699981700000137e+02
6.363603869995119981e+06 1.919780670043949969e+06 2.295299987799999997e+02
6.363599080017089844e+06 1.919774310058590025e+06 2.306100006099999860e+02
6.363601900024410337e+06 1.919775359985349933e+06 2.272599945100000127e+02
6.363604059997560456e+06 1.919776180053710006e+06 2.284100036600000010e+02
6.363605570007319562e+06 1.919776739990229951e+06 2.349100036600000010e+02
6.363608130004880019e+06 1.919777689941409975e+06 2.333000030499999866e+02
6.363609809997560456e+06 1.919778310058590025e+06 2.379299926799999980e+02
6.363612140014650300e+06 1.919779199951170012e+06 2.381600036600000010e+02
6.363615349975589663e+06 1.919780410034179920e+06 2.319199981700000137e+02
6.363613409973139875e+06 1.919778209960940061e+06 2.393699951199999987e+02
6.363610950012209825e+06 1.919777329956050031e+06 2.371399993900000140e+02
6.363608849975589663e+06 1.919776569946289994e+06 2.317899932900000124e+02
6.363605609985349700e+06 1.919775329956050031e+06 2.355000000000000000e+02
6.363604030029299669e+06 1.919774729980469914e+06 2.263800048800000013e+02
6.363600780029299669e+06 1.919773489990229951e+06 2.297899932900000124e+02
6.363599900024410337e+06 1.919768599975589896e+06 2.241100006099999860e+02
6.363600750000000000e+06 1.919768859985349933e+06 2.356999969500000134e+02
6.363603869995119981e+06 1.919770079956050031e+06 2.298200073200000020e+02
6.363606299987790175e+06 1.919770989990229951e+06 2.293000030499999866e+02
6.363606590026860125e+06 1.919771060058590025e+06 2.439299926799999980e+02
6.363610000000000000e+06 1.919772369995119981e+06 2.366100006099999860e+02
6.363612099975589663e+06 1.919773160034179920e+06 2.382500000000000000e+02
6.363617020019530319e+06 1.919773489990229951e+06 2.471100006099999860e+02
6.363613869995119981e+06 1.919772270019530086e+06 2.497700042699999869e+02
6.363611909973139875e+06 1.919771550048829988e+06 2.440899963399999990e+02
6.363608789978030138e+06 1.919770369995119981e+06 2.462599945100000127e+02
6.363606159973139875e+06 1.919769349975589896e+06 2.451399993900000140e+02
6.363604489990229718e+06 1.919768800048829988e+06 2.369700012200000003e+02
6.363606070007319562e+06 1.919769420043949969e+06 2.254299926799999980e+02
6.363601830017089844e+06 1.919767810058590025e+06 2.357599945100000127e+02
6.363600679992680438e+06 1.919767390014650067e+06 2.236900024400000007e+02
6.363600130004880019e+06 1.919762660034179920e+06 2.256600036600000010e+02
6.363602719970700331e+06 1.919763650024410104e+06 2.241499938999999983e+02
6.363604390014650300e+06 1.919764270019530086e+06 2.288999938999999983e+02
6.363604489990229718e+06 1.919764239990229951e+06 2.455399932900000124e+02
6.363606390014650300e+06 1.919764989990229951e+06 2.316600036600000010e+02
6.363606330017089844e+06 1.919764920043949969e+06 2.489799957300000131e+02
6.363608489990229718e+06 1.919765780029299902e+06 2.337599945100000127e+02
6.363608820007319562e+06 1.919765839965820080e+06 2.480299987799999997e+02
6.363611150024410337e+06 1.919766760009770049e+06 2.481999969500000134e+02
6.363613549987790175e+06 1.919767709960940061e+06 2.308399963399999990e+02
6.363613450012209825e+06 1.919767619995119981e+06 2.483600006099999860e+02
6.363615710021969862e+06 1.919768439941409975e+06 2.493800048800000013e+02
6.363620630004880019e+06 1.919770339965820080e+06 2.473699951199999987e+02
6.363622799987790175e+06 1.919769579956050031e+06 2.484900054899999873e+02
6.363620039978030138e+06 1.919768569946289994e+06 2.482899932900000124e+02
6.363617250000000000e+06 1.919767520019530086e+06 2.483899993900000140e+02
6.363614500000000000e+06 1.919766469970700098e+06 2.481600036600000010e+02
6.363611679992680438e+06 1.919765380004880019e+06 2.486499938999999983e+02
6.363615250000000000e+06 1.919766829956050031e+06 2.226699981700000137e+02
6.363608989990229718e+06 1.919764369995119981e+06 2.476699981700000137e+02
6.363606229980469681e+06 1.919763319946289994e+06 2.475700073200000020e+02
6.363603830017089844e+06 1.919762459960940061e+06 2.443899993900000140e+02
6.363603469970700331e+06 1.919762369995119981e+06 2.265700073200000020e+02
6.363600820007319562e+06 1.919761380004880019e+06 2.256600036600000010e+02
6.363602590026860125e+06 1.919757410034179920e+06 2.416000061000000017e+02
6.363605510009770282e+06 1.919758589965820080e+06 2.200800018299999863e+02
6.363604789978030138e+06 1.919758229980469914e+06 2.428500061000000017e+02
6.363607479980469681e+06 1.919759250000000000e+06 2.402899932900000124e+02
6.363608890014650300e+06 1.919759739990229951e+06 2.469799957300000131e+02
6.363611090026860125e+06 1.919760589965820080e+06 2.481999969500000134e+02
6.363613609985349700e+06 1.919761550048829988e+06 2.467500000000000000e+02
6.363615679992680438e+06 1.919762300048829988e+06 2.488800048800000013e+02
6.363618039978030138e+06 1.919763250000000000e+06 2.318200073200000020e+02
6.363617909973139875e+06 1.919763150024410104e+06 2.496699981700000137e+02
6.363620140014650300e+06 1.919764010009770049e+06 2.505899963399999990e+02
6.363621750000000000e+06 1.919764660034179920e+06 2.388800048800000013e+02
6.363623880004880019e+06 1.919765420043949969e+06 2.408500061000000017e+02
6.363624700012209825e+06 1.919764270019530086e+06 2.396999969500000134e+02
6.363620369995119981e+06 1.919762599975589896e+06 2.507899932900000124e+02
6.363617710021969862e+06 1.919761579956050031e+06 2.498399963399999990e+02
6.363615090026860125e+06 1.919760589965820080e+06 2.486199951199999987e+02
6.363612690002439544e+06 1.919759680053710006e+06 2.460299987799999997e+02
6.363615510009770282e+06 1.919760859985349933e+06 2.253600006099999860e+02
6.363609770019530319e+06 1.919758630004880019e+06 2.466900024400000007e+02
6.363607869995119981e+06 1.919757939941409975e+06 2.401600036600000010e+02
6.363604750000000000e+06 1.919756760009770049e+06 2.426499938999999983e+02
6.363602419982910156e+06 1.919755869995119981e+06 2.389799957300000131e+02
6.363605109985349700e+06 1.919756989990229951e+06 2.192599945100000127e+02
6.363604229980469681e+06 1.919751930053710006e+06 2.418999938999999983e+02
6.363606260009770282e+06 1.919752689941409975e+06 2.443600006099999860e+02
6.363608489990229718e+06 1.919753510009770049e+06 2.450500030499999866e+02
6.363610859985349700e+06 1.919754430053710006e+06 2.450800018299999863e+02
6.363612960021969862e+06 1.919755180053710006e+06 2.468800048800000013e+02
6.363615219970700331e+06 1.919756030029299902e+06 2.473699951199999987e+02
6.363617349975589663e+06 1.919756819946289994e+06 2.491100006099999860e+02
6.363620010009770282e+06 1.919757939941409975e+06 2.298899993900000140e+02
6.363621349975589663e+06 1.919758400024410104e+06 2.371100006099999860e+02
6.363623679992680438e+06 1.919759250000000000e+06 2.375299987799999997e+02
6.363623549987790175e+06 1.919757739990229951e+06 2.370099945100000127e+02
6.363620669982910156e+06 1.919756619995119981e+06 2.379600067099999876e+02
6.363616859985349700e+06 1.919755180053710006e+06 2.450500030499999866e+02
6.363614200012209825e+06 1.919754199951170012e+06 2.440299987799999997e+02
6.363617190002439544e+06 1.919755439941409975e+06 2.222100067099999876e+02
6.363611280029299669e+06 1.919753109985349933e+06 2.448800048800000013e+02
6.363608820007319562e+06 1.919752199951170012e+06 2.424199981700000137e+02
6.363610950012209825e+06 1.919753050048829988e+06 2.268000030499999866e+02
6.363605869995119981e+06 1.919751050048829988e+06 2.438600006099999860e+02
6.363610950012209825e+06 1.919748489990229951e+06 2.378899993900000140e+02
6.363612989990229718e+06 1.919749239990229951e+06 2.403899993900000140e+02
6.363614760009770282e+06 1.919749900024410104e+06 2.442899932900000124e+02
6.363617320007319562e+06 1.919750819946289994e+06 2.429100036600000010e+02
6.363619849975589663e+06 1.919751800048829988e+06 2.418000030499999866e+02
6.363623059997560456e+06 1.919753050048829988e+06 2.356600036600000010e+02
6.363613179992680438e+06 1.919747829956050031e+06 2.407500000000000000e+02
6.363608330017089844e+06 1.919784579956050031e+06 2.372700042699999869e+02
6.363610890014650300e+06 1.919785660034179920e+06 2.356999969500000134e+02
6.363609669982910156e+06 1.919784050048829988e+06 2.358300018299999863e+02
6.363611840026860125e+06 1.919785040039059939e+06 2.213899993900000140e+02
6.363607080017089844e+06 1.919782969970700098e+06 2.346499938999999983e+02
6.363598390014650300e+06 1.919775420043949969e+06 2.320200042699999869e+02
6.363602520019530319e+06 1.919777229980469914e+06 2.196799926799999980e+02
6.363602849975589663e+06 1.919777329956050031e+06 2.333000030499999866e+02
6.363604619995119981e+06 1.919778109985349933e+06 2.213600006099999860e+02
6.363605109985349700e+06 1.919778250000000000e+06 2.334600067099999876e+02
6.363606919982910156e+06 1.919779000000000000e+06 2.370700073200000020e+02
6.363608989990229718e+06 1.919779890014650067e+06 2.386799926799999980e+02
6.363611940002439544e+06 1.919781130004880019e+06 2.346100006099999860e+02
6.363613380004880019e+06 1.919780569946289994e+06 2.318600006099999860e+02
6.363610260009770282e+06 1.919779260009770049e+06 2.339900054899999873e+02
6.363606919982910156e+06 1.919777819946289994e+06 2.383200073200000020e+02
6.363608789978030138e+06 1.919778670043949969e+06 2.257899932900000124e+02
6.363604820007319562e+06 1.919776969970700098e+06 2.336300048800000013e+02
6.363603150024410337e+06 1.919776239990229951e+06 2.265099945100000127e+02
6.363599729980469681e+06 1.919774800048829988e+06 2.309400024400000007e+02
6.363601570007319562e+06 1.919771680053710006e+06 2.223099975599999993e+02
6.363603469970700331e+06 1.919772469970700098e+06 2.253899993900000140e+02
6.363604979980469681e+06 1.919773089965820080e+06 2.309700012200000003e+02
6.363606559997560456e+06 1.919773719970700098e+06 2.357899932900000124e+02
6.363608820007319562e+06 1.919774670043949969e+06 2.362500000000000000e+02
6.363611020019530319e+06 1.919775589965820080e+06 2.370700073200000020e+02
6.363612989990229718e+06 1.919775229980469914e+06 2.390700073200000020e+02
6.363610429992680438e+06 1.919774140014650067e+06 2.379299926799999980e+02
6.363608260009770282e+06 1.919773260009770049e+06 2.339900054899999873e+02
6.363610039978030138e+06 1.919774050048829988e+06 2.218800048800000013e+02
6.363606070007319562e+06 1.919772310058590025e+06 2.304499969500000134e+02
6.363603440002439544e+06 1.919771189941409975e+06 2.295299987799999997e+02
6.363601369995119981e+06 1.919770339965820080e+06 2.250299987799999997e+02
6.363598780029299669e+06 1.919769260009770049e+06 2.238800048800000013e+02
6.363600719970700331e+06 1.919766170043949969e+06 2.214600067099999876e+02
6.363600909973139875e+06 1.919766199951170012e+06 2.360599975599999993e+02
6.363602880004880019e+06 1.919767020019530086e+06 2.383500061000000017e+02
6.363604330017089844e+06 1.919767579956050031e+06 2.440000000000000000e+02
6.363606559997560456e+06 1.919768500000000000e+06 2.448800048800000013e+02
6.363609739990229718e+06 1.919769939941409975e+06 2.233899993900000140e+02
6.363608299987790175e+06 1.919769260009770049e+06 2.483899993900000140e+02
6.363611409973139875e+06 1.919770599975589896e+06 2.431100006099999860e+02
6.363613739990229718e+06 1.919771619995119981e+06 2.278899993900000140e+02
6.363613609985349700e+06 1.919771489990229951e+06 2.439600067099999876e+02
6.363617809997560456e+06 1.919773290039059939e+06 2.467500000000000000e+02
6.363617549987790175e+06 1.919771979980469914e+06 2.470800018299999863e+02
6.363614229980469681e+06 1.919770569946289994e+06 2.506600036600000010e+02
6.363612659973139875e+06 1.919769880004880019e+06 2.433099975599999993e+02
6.363609739990229718e+06 1.919768630004880019e+06 2.444499969500000134e+02
6.363606719970700331e+06 1.919767349975589896e+06 2.464199981700000137e+02
6.363604229980469681e+06 1.919766300048829988e+06 2.447500000000000000e+02
6.363602619995119981e+06 1.919765680053710006e+06 2.369100036600000010e+02
6.363601469970700331e+06 1.919765219970700098e+06 2.259499969500000134e+02
6.363601510009770282e+06 1.919761349975589896e+06 2.248000030499999866e+02
6.363603700012209825e+06 1.919762270019530086e+06 2.257899932900000124e+02
6.363603340026860125e+06 1.919762040039059939e+06 2.441300048800000013e+02
6.363605309997560456e+06 1.919762859985349933e+06 2.462299957300000131e+02
6.363607440002439544e+06 1.919763739990229951e+06 2.475399932900000124e+02
6.363609710021969862e+06 1.919764699951170012e+06 2.480299987799999997e+02
6.363611940002439544e+06 1.919765609985349933e+06 2.487500000000000000e+02
6.363615780029299669e+06 1.919767390014650067e+06 2.230000000000000000e+02
6.363614369995119981e+06 1.919766660034179920e+06 2.481000061000000017e+02
6.363616729980469681e+06 1.919767680053710006e+06 2.474100036600000010e+02
6.363618960021969862e+06 1.919768569946289994e+06 2.485599975599999993e+02
6.363621390014650300e+06 1.919769619995119981e+06 2.477400054899999873e+02
6.363620599975589663e+06 1.919768109985349933e+06 2.468500061000000017e+02
6.363617450012209825e+06 1.919766760009770049e+06 2.492799987799999997e+02
6.363614599975589663e+06 1.919765550048829988e+06 2.501300048800000013e+02
6.363612039978030138e+06 1.919764469970700098e+06 2.484600067099999876e+02
6.363614169982910156e+06 1.919765449951170012e+06 2.343500061000000017e+02
6.363609580017089844e+06 1.919763420043949969e+06 2.466499938999999983e+02
6.363606890014650300e+06 1.919762300048829988e+06 2.459600067099999876e+02
6.363609539978030138e+06 1.919763479980469914e+06 2.281499938999999983e+02
6.363604489990229718e+06 1.919761280029299902e+06 2.435399932900000124e+02
6.363603570007319562e+06 1.919760920043949969e+06 2.312299957300000131e+02
6.363603150024410337e+06 1.919756760009770049e+06 2.386199951199999987e+02
6.363605799987790175e+06 1.919757939941409975e+06 2.205399932900000124e+02
6.363604849975589663e+06 1.919757479980469914e+06 2.430099945100000127e+02
6.363607479980469681e+06 1.919758589965820080e+06 2.406499938999999983e+02
6.363609640014650300e+06 1.919759540039059939e+06 2.262799987799999997e+02
6.363608849975589663e+06 1.919759119995119981e+06 2.469199981700000137e+02
6.363611179992680438e+06 1.919760099975589896e+06 2.469799957300000131e+02
6.363613119995119981e+06 1.919760890014650067e+06 2.492799987799999997e+02
6.363614890014650300e+06 1.919761680053710006e+06 2.373699951199999987e+02
6.363615380004880019e+06 1.919761869995119981e+06 2.495700073200000020e+02
6.363617750000000000e+06 1.919762859985349933e+06 2.493399963399999990e+02
6.363620070007319562e+06 1.919763910034179920e+06 2.338200073200000020e+02
6.363619880004880019e+06 1.919763780029299902e+06 2.505200042699999869e+02
6.363621580017089844e+06 1.919764530029299902e+06 2.392400054899999873e+02
6.363623719970700331e+06 1.919765420043949969e+06 2.404499969500000134e+02
6.363623090026860125e+06 1.919764040039059939e+06 2.404499969500000134e+02
6.363618929992680438e+06 1.919762199951170012e+06 2.499299926799999980e+02
6.363616429992680438e+06 1.919761180053710006e+06 2.483300018299999863e+02
6.363619090026860125e+06 1.919762369995119981e+06 2.308099975599999993e+02
6.363613679992680438e+06 1.919760000000000000e+06 2.483899993900000140e+02
6.363610890014650300e+06 1.919758819946289994e+06 2.488200073200000020e+02
6.363608849975589663e+06 1.919757969970700098e+06 2.439299926799999980e+02
6.363611809997560456e+06 1.919759280029299902e+06 2.238200073200000020e+02
6.363607280029299669e+06 1.919757349975589896e+06 2.359900054899999873e+02
6.363603700012209825e+06 1.919755800048829988e+06 2.415700073200000020e+02
6.363606750000000000e+06 1.919757180053710006e+06 2.209600067099999876e+02
6.363603929992680438e+06 1.919751869995119981e+06 2.420899963399999990e+02
6.363605869995119981e+06 1.919752689941409975e+06 2.445899963399999990e+02
6.363608299987790175e+06 1.919753670043949969e+06 2.441300048800000013e+02
6.363610530029299669e+06 1.919754660034179920e+06 2.445899963399999990e+02
6.363612630004880019e+06 1.919755540039059939e+06 2.461900024400000007e+02
6.363616400024410337e+06 1.919757250000000000e+06 2.212299957300000131e+02
6.363614919982910156e+06 1.919756489990229951e+06 2.465200042699999869e+02
6.363616789978030138e+06 1.919757280029299902e+06 2.494400024400000007e+02
6.363620890014650300e+06 1.919759050048829988e+06 2.378300018299999863e+02
6.363623059997560456e+06 1.919759969970700098e+06 2.386199951199999987e+02
6.363625359985349700e+06 1.919760959960940061e+06 2.389799957300000131e+02
6.363622669982910156e+06 1.919758719970700098e+06 2.379299926799999980e+02
6.363620140014650300e+06 1.919757640014650067e+06 2.368399963399999990e+02
6.363615710021969862e+06 1.919755709960940061e+06 2.478699951199999987e+02
6.363613179992680438e+06 1.919754660034179920e+06 2.467200012200000003e+02
6.363610690002439544e+06 1.919753609985349933e+06 2.450099945100000127e+02
6.363612789978030138e+06 1.919754520019530086e+06 2.307100067099999876e+02
6.363608200012209825e+06 1.919752520019530086e+06 2.433699951199999987e+02
6.363605609985349700e+06 1.919751439941409975e+06 2.422599945100000127e+02
6.363609770019530319e+06 1.919749239990229951e+06 2.360599975599999993e+02
6.363611580017089844e+06 1.919750000000000000e+06 2.393000030499999866e+02
6.363613049987790175e+06 1.919750550048829988e+06 2.452400054899999873e+02
6.363615809997560456e+06 1.919751739990229951e+06 2.424900054899999873e+02
6.363618140014650300e+06 1.919752719970700098e+06 2.421600036600000010e+02
6.363621619995119981e+06 1.919754229980469914e+06 2.349400024400000007e+02
6.363623809997560456e+06 1.919755150024410104e+06 2.354700012200000003e+02
6.363622169982910156e+06 1.919753339965820080e+06 2.364499969500000134e+02
6.363618429992680438e+06 1.919751699951170012e+06 2.429100036600000010e+02
6.363615580017089844e+06 1.919750489990229951e+06 2.440299987799999997e+02
6.363613320007319562e+06 1.919749569946289994e+06 2.404900054899999873e+02
6.363611179992680438e+06 1.919748619995119981e+06 2.366799926799999980e+02
6.363611349975589663e+06 1.919747800048829988e+06 2.405800018299999863e+02
6.363613450012209825e+06 1.919748719970700098e+06 2.441600036600000010e+02
6.363615549987790175e+06 1.919749569946289994e+06 2.428800048800000013e+02
6.363617679992680438e+06 1.919750420043949969e+06 2.425200042699999869e+02
6.363619750000000000e+06 1.919751280029299902e+06 2.372400054899999873e+02
6.363621849975589663e+06 1.919752099975589896e+06 2.313999938999999983e+02
6.363622270019530319e+06 1.919755119995119981e+06 2.366799926799999980e+02
6.363620169982910156e+06 1.919754260009770049e+06 2.374700012200000003e+02
6.363620169982910156e+06 1.919754130004880019e+06 2.208000030499999866e+02
6.363618070007319562e+06 1.919753410034179920e+06 2.428500061000000017e+02
6.363615969970700331e+06 1.919752560058590025e+06 2.415299987799999997e+02
6.363613840026860125e+06 1.919751739990229951e+06 2.446199951199999987e+02
6.363611770019530319e+06 1.919750849975589896e+06 2.438600006099999860e+02
6.363609640014650300e+06 1.919749930053710006e+06 2.368399963399999990e+02
6.363605469970700331e+06 1.919748229980469914e+06 2.432100067099999876e+02
6.363605340026860125e+06 1.919750780029299902e+06 2.430099945100000127e+02
6.363607409973139875e+06 1.919751699951170012e+06 2.433699951199999987e+02
6.363609510009770282e+06 1.919752459960940061e+06 2.327799987799999997e+02
6.363611679992680438e+06 1.919753439941409975e+06 2.447799987799999997e+02
6.363611640014650300e+06 1.919753339965820080e+06 2.326799926799999980e+02
6.363613739990229718e+06 1.919754329956050031e+06 2.452100067099999876e+02
6.363613739990229718e+06 1.919754229980469914e+06 2.330000000000000000e+02
6.363615840026860125e+06 1.919755209960940061e+06 2.486900024400000007e+02
6.363617940002439544e+06 1.919756000000000000e+06 2.406799926799999980e+02
6.363620039978030138e+06 1.919756890014650067e+06 2.373399963399999990e+02
6.363622169982910156e+06 1.919757709960940061e+06 2.351699981700000137e+02
6.363624239990229718e+06 1.919758589965820080e+06 2.377899932900000124e+02
6.363626109985349700e+06 1.919762170043949969e+06 2.390700073200000020e+02
6.363623979980469681e+06 1.919761319946289994e+06 2.401600036600000010e+02
6.363621909973139875e+06 1.919760430053710006e+06 2.383500061000000017e+02
6.363619809997560456e+06 1.919759540039059939e+06 2.345500030499999866e+02
6.363617679992680438e+06 1.919758689941409975e+06 2.383500061000000017e+02
6.363615580017089844e+06 1.919757900024410104e+06 2.481300048800000013e+02
6.363613479980469681e+06 1.919757050048829988e+06 2.486499938999999983e+02
6.363611380004880019e+06 1.919756170043949969e+06 2.476399993900000140e+02
6.363611349975589663e+06 1.919756000000000000e+06 2.236499938999999983e+02
6.363609309997560456e+06 1.919755310058590025e+06 2.448800048800000013e+02
6.363607179992680438e+06 1.919754459960940061e+06 2.456699981700000137e+02
6.363605109985349700e+06 1.919753609985349933e+06 2.456699981700000137e+02
6.363602979980469681e+06 1.919752689941409975e+06 2.428800048800000013e+02
6.363603010009770282e+06 1.919755310058590025e+06 2.406499938999999983e+02
6.363605109985349700e+06 1.919756229980469914e+06 2.432400054899999873e+02
6.363607210021969862e+06 1.919757079956050031e+06 2.416300048800000013e+02
6.363607179992680438e+06 1.919756920043949969e+06 2.215200042699999869e+02
6.363609349975589663e+06 1.919757969970700098e+06 2.445200042699999869e+02
6.363611409973139875e+06 1.919758859985349933e+06 2.485899963399999990e+02
6.363613549987790175e+06 1.919759709960940061e+06 2.467500000000000000e+02
6.363615609985349700e+06 1.919760589965820080e+06 2.493399963399999990e+02
6.363617679992680438e+06 1.919761449951170012e+06 2.498000030499999866e+02
6.363619809997560456e+06 1.919762329956050031e+06 2.505200042699999869e+02
6.363621909973139875e+06 1.919763150024410104e+06 2.411699981700000137e+02
6.363621940002439544e+06 1.919763050048829988e+06 2.271600036600000010e+02
6.363623979980469681e+06 1.919763969970700098e+06 2.397299957300000131e+02
6.363626140014650300e+06 1.919764829956050031e+06 2.339900054899999873e+02
6.363622570007319562e+06 1.919766140014650067e+06 2.398000030499999866e+02
6.363620469970700331e+06 1.919765290039059939e+06 2.401900024400000007e+02
6.363618299987790175e+06 1.919764469970700098e+06 2.499299926799999980e+02
6.363618340026860125e+06 1.919764300048829988e+06 2.275899963399999990e+02
6.363616200012209825e+06 1.919763609985349933e+06 2.500700073200000020e+02
6.363614140014650300e+06 1.919762760009770049e+06 2.487899932900000124e+02
6.363614140014650300e+06 1.919762660034179920e+06 2.351999969500000134e+02
6.363611969970700331e+06 1.919761869995119981e+06 2.502599945100000127e+02
6.363611969970700331e+06 1.919761739990229951e+06 2.306399993900000140e+02
6.363609900024410337e+06 1.919761020019530086e+06 2.468800048800000013e+02
6.363607799987790175e+06 1.919760099975589896e+06 2.382899932900000124e+02
6.363607799987790175e+06 1.919759939941409975e+06 2.211300048800000013e+02
6.363605669982910156e+06 1.919759219970700098e+06 2.419600067099999876e+02
6.363605640014650300e+06 1.919759050048829988e+06 2.203099975599999993e+02
6.363603570007319562e+06 1.919758359985349933e+06 2.409100036600000010e+02
6.363601469970700331e+06 1.919757439941409975e+06 2.309100036600000010e+02
6.363603380004880019e+06 1.919760859985349933e+06 2.364499969500000134e+02
6.363603380004880019e+06 1.919760760009770049e+06 2.238200073200000020e+02
6.363605469970700331e+06 1.919761810058590025e+06 2.457700042699999869e+02
6.363607669982910156e+06 1.919762689941409975e+06 2.480299987799999997e+02
6.363609739990229718e+06 1.919763550048829988e+06 2.479299926799999980e+02
6.363611770019530319e+06 1.919764430053710006e+06 2.496100006099999860e+02
6.363613940002439544e+06 1.919765319946289994e+06 2.477700042699999869e+02
6.363616010009770282e+06 1.919766170043949969e+06 2.488200073200000020e+02
6.363618070007319562e+06 1.919767020019530086e+06 2.479299926799999980e+02
6.363620169982910156e+06 1.919767910034179920e+06 2.476999969500000134e+02
6.363622309997560456e+06 1.919768760009770049e+06 2.486499938999999983e+02
6.363622340026860125e+06 1.919768670043949969e+06 2.363500061000000017e+02
6.363619580017089844e+06 1.919770469970700098e+06 2.454700012200000003e+02
6.363617450012209825e+06 1.919769619995119981e+06 2.460299987799999997e+02
6.363615380004880019e+06 1.919768760009770049e+06 2.506600036600000010e+02
6.363613280029299669e+06 1.919767910034179920e+06 2.502599945100000127e+02
6.363611150024410337e+06 1.919767020019530086e+06 2.479299926799999980e+02
6.363609119995119981e+06 1.919766140014650067e+06 2.462899932900000124e+02
6.363609080017089844e+06 1.919765939941409975e+06 2.198500061000000017e+02
6.363606979980469681e+06 1.919765319946289994e+06 2.496699981700000137e+02
6.363604880004880019e+06 1.919764430053710006e+06 2.453699951199999987e+02
6.363602820007319562e+06 1.919763550048829988e+06 2.450099945100000127e+02
6.363602780029299669e+06 1.919763420043949969e+06 2.253300018299999863e+02
6.363600650024410337e+06 1.919762560058590025e+06 2.256600036600000010e+02
6.363600719970700331e+06 1.919765250000000000e+06 2.359199981700000137e+02
6.363602849975589663e+06 1.919766140014650067e+06 2.390700073200000020e+02
6.363604919982910156e+06 1.919767060058590025e+06 2.433399963399999990e+02
6.363604880004880019e+06 1.919766959960940061e+06 2.289700012200000003e+02
6.363607020019530319e+06 1.919767939941409975e+06 2.474100036600000010e+02
6.363609150024410337e+06 1.919768760009770049e+06 2.425800018299999863e+02
6.363609150024410337e+06 1.919768630004880019e+06 2.246999969500000134e+02
6.363611219970700331e+06 1.919769650024410104e+06 2.425800018299999863e+02
6.363611219970700331e+06 1.919769520019530086e+06 2.227700042699999869e+02
6.363613280029299669e+06 1.919770569946289994e+06 2.500000000000000000e+02
6.363617479980469681e+06 1.919772270019530086e+06 2.472799987799999997e+02
6.363611710021969862e+06 1.919772729980469914e+06 2.436999969500000134e+02
6.363609580017089844e+06 1.919771780029299902e+06 2.366799926799999980e+02
6.363607479980469681e+06 1.919770930053710006e+06 2.343500061000000017e+02
6.363605380004880019e+06 1.919770140014650067e+06 2.431100006099999860e+02
6.363605380004880019e+06 1.919770010009770049e+06 2.285800018299999863e+02
6.363603280029299669e+06 1.919769089965820080e+06 2.251300048800000013e+02
6.363601140014650300e+06 1.919768239990229951e+06 2.247700042699999869e+02
6.363599039978030138e+06 1.919767390014650067e+06 2.242100067099999876e+02
6.363602520019530319e+06 1.919771489990229951e+06 2.257500000000000000e+02
6.363604619995119981e+06 1.919772410034179920e+06 2.321499938999999983e+02
6.363606750000000000e+06 1.919773229980469914e+06 2.265099945100000127e+02
6.363608820007319562e+06 1.919774180053710006e+06 2.360200042699999869e+02
6.363610950012209825e+06 1.919775060058590025e+06 2.372700042699999869e+02
6.363613090026860125e+06 1.919775819946289994e+06 2.206999969500000134e+02
6.363615280029299669e+06 1.919779520019530086e+06 2.315899963399999990e+02
6.363613179992680438e+06 1.919778739990229951e+06 2.376999969500000134e+02
6.363611090026860125e+06 1.919777880004880019e+06 2.373000030499999866e+02
6.363608950012209825e+06 1.919777030029299902e+06 2.378300018299999863e+02
6.363606849975589663e+06 1.919776109985349933e+06 2.351699981700000137e+02
6.363604789978030138e+06 1.919775229980469914e+06 2.266699981700000137e+02
6.363602619995119981e+06 1.919774339965820080e+06 2.274299926799999980e+02
6.363600549987790175e+06 1.919773489990229951e+06 2.299900054899999873e+02
6.363598450012209825e+06 1.919772630004880019e+06 2.307400054899999873e+02
6.363596450012209825e+06 1.919774540039059939e+06 2.324499969500000134e+02
6.363598619995119981e+06 1.919775390014650067e+06 2.316600036600000010e+02
6.363602820007319562e+06 1.919777160034179920e+06 2.339900054899999873e+02
6.363604950012209825e+06 1.919778050048829988e+06 2.354299926799999980e+02
6.363607049987790175e+06 1.919778930053710006e+06 2.375700073200000020e+02
6.363609150024410337e+06 1.919779790039059939e+06 2.349700012200000003e+02
6.363611280029299669e+06 1.919780670043949969e+06 2.347400054899999873e+02
6.363613380004880019e+06 1.919781489990229951e+06 2.308699951199999987e+02
6.363612169982910156e+06 1.919783660034179920e+06 2.223699951199999987e+02
6.363610039978030138e+06 1.919782869995119981e+06 2.348699951199999987e+02
6.363607900024410337e+06 1.919782050048829988e+06 2.381600036600000010e+02
6.363605869995119981e+06 1.919781199951170012e+06 2.382200012200000003e+02
6.363603739990229718e+06 1.919780250000000000e+06 2.296600036600000010e+02
6.363601640014650300e+06 1.919779359985349933e+06 2.231999969500000134e+02
6.363609250000000000e+06 1.919785270019530086e+06 2.357299957300000131e+02
6.363611349975589663e+06 1.919786119995119981e+06 2.351000061000000017e+02
6.363609049987790175e+06 1.919785329956050031e+06 2.355299987799999997e+02
6.363606820007319562e+06 1.919784380004880019e+06 2.363200073200000020e+02
6.363606030029299669e+06 1.919782739990229951e+06 2.374700012200000003e+02
6.363608690002439544e+06 1.919783819946289994e+06 2.368399963399999990e+02
6.363611809997560456e+06 1.919785229980469914e+06 2.220500030499999866e+02
6.363612429992680438e+06 1.919781069946289994e+06 2.341499938999999983e+02
6.363610229980469681e+06 1.919780180053710006e+06 2.352400054899999873e+02
6.363608359985349700e+06 1.919779390014650067e+06 2.382500000000000000e+02
6.363605869995119981e+06 1.919778380004880019e+06 2.374700012200000003e+02
6.363602950012209825e+06 1.919777229980469914e+06 2.340200042699999869e+02
6.363597900024410337e+06 1.919775160034179920e+06 2.318200073200000020e+02
6.363599729980469681e+06 1.919774640014650067e+06 2.295599975599999993e+02
6.363601729980469681e+06 1.919775459960940061e+06 2.245099945100000127e+02
6.363606460021969862e+06 1.919777290039059939e+06 2.375700073200000020e+02
6.363609280029299669e+06 1.919778380004880019e+06 2.379299926799999980e+02
6.363611969970700331e+06 1.919779520019530086e+06 2.377899932900000124e+02
6.363609380004880019e+06 1.919778569946289994e+06 2.211600036600000010e+02
6.363613909973139875e+06 1.919780339965820080e+06 2.326399993900000140e+02
6.363612989990229718e+06 1.919775780029299902e+06 2.221499938999999983e+02
6.363613179992680438e+06 1.919775689941409975e+06 2.386199951199999987e+02
6.363610690002439544e+06 1.919774670043949969e+06 2.377299957300000131e+02
6.363608590026860125e+06 1.919773979980469914e+06 2.245099945100000127e+02
6.363607900024410337e+06 1.919773589965820080e+06 2.352700042699999869e+02
6.363605570007319562e+06 1.919772630004880019e+06 2.353999938999999983e+02
6.363598909973139875e+06 1.919770010009770049e+06 2.235200042699999869e+02
6.363600679992680438e+06 1.919769319946289994e+06 2.365500030499999866e+02
6.363601539978030138e+06 1.919769750000000000e+06 2.248999938999999983e+02
6.363605840026860125e+06 1.919771449951170012e+06 2.348699951199999987e+02
6.363608390014650300e+06 1.919772469970700098e+06 2.337899932900000124e+02
6.363611809997560456e+06 1.919773849975589896e+06 2.381600036600000010e+02
6.363609219970700331e+06 1.919772900024410104e+06 2.213600006099999860e+02
6.363612820007319562e+06 1.919774310058590025e+06 2.271999969500000134e+02
6.363614830017089844e+06 1.919775189941409975e+06 2.224100036600000010e+02
6.363618400024410337e+06 1.919772109985349933e+06 2.463899993900000140e+02
6.363615969970700331e+06 1.919771160034179920e+06 2.461300048800000013e+02
6.363613250000000000e+06 1.919770209960940061e+06 2.287400054899999873e+02
6.363614400024410337e+06 1.919770469970700098e+06 2.510800018299999863e+02
6.363610760009770282e+06 1.919769030029299902e+06 2.428500061000000017e+02
6.363607840026860125e+06 1.919768010009770049e+06 2.242799987799999997e+02
6.363609020019530319e+06 1.919768270019530086e+06 2.470099945100000127e+02
6.363606070007319562e+06 1.919767250000000000e+06 2.282500000000000000e+02
6.363606950012209825e+06 1.919767420043949969e+06 2.486900024400000007e+02
6.363603969970700331e+06 1.919766369995119981e+06 2.297899932900000124e+02
6.363604330017089844e+06 1.919766369995119981e+06 2.470500030499999866e+02
6.363600780029299669e+06 1.919765089965820080e+06 2.248399963399999990e+02
6.363600000000000000e+06 1.919763420043949969e+06 2.259199981700000137e+02
6.363606390014650300e+06 1.919765839965820080e+06 2.490200042699999869e+02
6.363608950012209825e+06 1.919766890014650067e+06 2.480599975599999993e+02
6.363611510009770282e+06 1.919767939941409975e+06 2.474100036600000010e+02
6.363607510009770282e+06 1.919766500000000000e+06 2.217500000000000000e+02
6.363614760009770282e+06 1.919769260009770049e+06 2.506900024400000007e+02
6.363616700012209825e+06 1.919770079956050031e+06 2.457299957300000131e+02
6.363619419982910156e+06 1.919771160034179920e+06 2.455000000000000000e+02
6.363615710021969862e+06 1.919769849975589896e+06 2.216499938999999983e+02
6.363621880004880019e+06 1.919767910034179920e+06 2.402599945100000127e+02
6.363620440002439544e+06 1.919767319946289994e+06 2.463200073200000020e+02
6.363616700012209825e+06 1.919765969970700098e+06 2.221100006099999860e+02
6.363618169982910156e+06 1.919766339965820080e+06 2.469199981700000137e+02
6.363615320007319562e+06 1.919765349975589896e+06 2.287100067099999876e+02
6.363616140014650300e+06 1.919765479980469914e+06 2.489799957300000131e+02
6.363613840026860125e+06 1.919764560058590025e+06 2.497700042699999869e+02
6.363610559997560456e+06 1.919763380004880019e+06 2.286100006099999860e+02
6.363611119995119981e+06 1.919763449951170012e+06 2.473399963399999990e+02
6.363608489990229718e+06 1.919762400024410104e+06 2.457700042699999869e+02
6.363605969970700331e+06 1.919761349975589896e+06 2.447799987799999997e+02
6.363602650024410337e+06 1.919760040039059939e+06 2.388399963399999990e+02
6.363604330017089844e+06 1.919759410034179920e+06 2.403899993900000140e+02
6.363607250000000000e+06 1.919760589965820080e+06 2.419600067099999876e+02
6.363610590026860125e+06 1.919761939941409975e+06 2.461300048800000013e+02
6.363613609985349700e+06 1.919763119995119981e+06 2.482899932900000124e+02
6.363611580017089844e+06 1.919762400024410104e+06 2.351000061000000017e+02
6.363616500000000000e+06 1.919764300048829988e+06 2.494700012200000003e+02
6.363618299987790175e+06 1.919765089965820080e+06 2.436999969500000134e+02
6.363615150024410337e+06 1.919763939941409975e+06 2.234600067099999876e+02
6.363621260009770282e+06 1.919766270019530086e+06 2.453099975599999993e+02
6.363618469970700331e+06 1.919765250000000000e+06 2.269700012200000003e+02
6.363623159973139875e+06 1.919767119995119981e+06 2.403899993900000140e+02
6.363625159973139875e+06 1.919763609985349933e+06 2.409100036600000010e+02
6.363622440002439544e+06 1.919762500000000000e+06 2.383899993900000140e+02
6.363619289978030138e+06 1.919761250000000000e+06 2.333699951199999987e+02
6.363619419982910156e+06 1.919761180053710006e+06 2.493099975599999993e+02
6.363617020019530319e+06 1.919760199951170012e+06 2.489499969500000134e+02
6.363613250000000000e+06 1.919758890014650067e+06 2.250000000000000000e+02
6.363614270019530319e+06 1.919759119995119981e+06 2.466199951199999987e+02
6.363612270019530319e+06 1.919758229980469914e+06 2.486499938999999983e+02
6.363609840026860125e+06 1.919757380004880019e+06 2.331000061000000017e+02
6.363609049987790175e+06 1.919756989990229951e+06 2.432100067099999876e+02
6.363607020019530319e+06 1.919756170043949969e+06 2.452799987799999997e+02
6.363604489990229718e+06 1.919755150024410104e+06 2.441900024400000007e+02
6.363601799987790175e+06 1.919752689941409975e+06 2.418600006099999860e+02
6.363604849975589663e+06 1.919753930053710006e+06 2.438300018299999863e+02
6.363607799987790175e+06 1.919755150024410104e+06 2.457299957300000131e+02
6.363610719970700331e+06 1.919756329956050031e+06 2.468800048800000013e+02
6.363613640014650300e+06 1.919757479980469914e+06 2.484600067099999876e+02
6.363616330017089844e+06 1.919758560058590025e+06 2.482599945100000127e+02
6.363614400024410337e+06 1.919757869995119981e+06 2.357899932900000124e+02
6.363617479980469681e+06 1.919759119995119981e+06 2.382500000000000000e+02
6.363614960021969862e+06 1.919758199951170012e+06 2.220500030499999866e+02
6.363619289978030138e+06 1.919759910034179920e+06 2.320500030499999866e+02
6.363623190002439544e+06 1.919761479980469914e+06 2.400599975599999993e+02
6.363625880004880019e+06 1.919762560058590025e+06 2.399600067099999876e+02
6.363621909973139875e+06 1.919756689941409975e+06 2.359600067099999876e+02
6.363619219970700331e+06 1.919755609985349933e+06 2.340200042699999869e+02
6.363617380004880019e+06 1.919754920043949969e+06 2.222799987799999997e+02
6.363618469970700331e+06 1.919755180053710006e+06 2.443600006099999860e+02
6.363615840026860125e+06 1.919754099975589896e+06 2.424499969500000134e+02
6.363613679992680438e+06 1.919753209960940061e+06 2.439600067099999876e+02
6.363611309997560456e+06 1.919752229980469914e+06 2.438600006099999860e+02
6.363608789978030138e+06 1.919751239990229951e+06 2.427799987799999997e+02
6.363606520019530319e+06 1.919750290039059939e+06 2.436999969500000134e+02
6.363609280029299669e+06 1.919750189941409975e+06 2.392700042699999869e+02
6.363612729980469681e+06 1.919751569946289994e+06 2.441300048800000013e+02
6.363615320007319562e+06 1.919752650024410104e+06 2.434100036600000010e+02
6.363618109985349700e+06 1.919753770019530086e+06 2.438300018299999863e+02
6.363619320007319562e+06 1.919754359985349933e+06 2.343500061000000017e+02
6.363622440002439544e+06 1.919755609985349933e+06 2.368800048800000013e+02
6.363621030029299669e+06 1.919750819946289994e+06 2.314600067099999876e+02
6.363617710021969862e+06 1.919749339965820080e+06 2.407500000000000000e+02
6.363615320007319562e+06 1.919748359985349933e+06 2.404499969500000134e+02
