6.363502559997560456e+06 1.919694849975589896e+06 2.190599975599999993e+02
6.363504950012209825e+06 1.919694160034179920e+06 2.168000030499999866e+02
6.363502390014650300e+06 1.919693140014650067e+06 2.152200012200000003e+02
6.363499799987790175e+06 1.919692119995119981e+06 2.141699981700000137e+02
6.363497440002439544e+06 1.919687630004880019e+06 2.156799926799999980e+02
6.363499109985349700e+06 1.919688420043949969e+06 2.207700042699999869e+02
6.363500820007319562e+06 1.919689270019530086e+06 2.259799957300000131e+02
6.363502920013429597e+06 1.919690119995119981e+06 2.276600036600000010e+02
6.363505739990229718e+06 1.919691040039059939e+06 2.233899993900000140e+02
6.363508890014650300e+06 1.919691989990229951e+06 2.169900054899999873e+02
6.363506660003660247e+06 1.919689859985349933e+06 2.215899963399999990e+02
6.363503510009770282e+06 1.919688780029299902e+06 2.251300048800000013e+02
6.363501670013429597e+06 1.919687790039059939e+06 2.179799957300000131e+02
6.363498450012209825e+06 1.919686709960940061e+06 2.220099945100000127e+02
6.363500589996339753e+06 1.919683819946289994e+06 2.203699951199999987e+02
6.363503410003660247e+06 1.919684739990229951e+06 2.160099945100000127e+02
6.363505149993900210e+06 1.919685560058590025e+06 2.203699951199999987e+02
6.363507309997560456e+06 1.919686410034179920e+06 2.218500061000000017e+02
6.363507079986570403e+06 1.919684910034179920e+06 2.228000030499999866e+02
6.363505109985349700e+06 1.919683920043949969e+06 2.164700012200000003e+02
6.363502190002439544e+06 1.919682869995119981e+06 2.179799957300000131e+02
6.363506100006099790e+06 1.919680709960940061e+06 2.162100067099999876e+02
6.363496549987790175e+06 1.919688449951170012e+06 2.149600067099999876e+02
6.363498220001219772e+06 1.919689270019530086e+06 2.199100036600000010e+02
6.363500130004880019e+06 1.919690189941409975e+06 2.225099945100000127e+02
6.363502290008540265e+06 1.919691109985349933e+06 2.235200042699999869e+02
6.363504649993900210e+06 1.919692020019530086e+06 2.230000000000000000e+02
6.363505799987790175e+06 1.919691170043949969e+06 2.242799987799999997e+02
6.363502649993900210e+06 1.919689989990229951e+06 2.274900054899999873e+02
6.363500260009770282e+06 1.919688880004880019e+06 2.246999969500000134e+02
6.363498029998780228e+06 1.919687790039059939e+06 2.206699981700000137e+02
6.363498880004880019e+06 1.919684310058590025e+06 2.181100006099999860e+02
6.363500980010990053e+06 1.919685229980469914e+06 2.196799926799999980e+02
6.363503179992680438e+06 1.919686180053710006e+06 2.206399993900000140e+02
6.363505279998780228e+06 1.919687099975589896e+06 2.221100006099999860e+02
6.363507640014650300e+06 1.919688050048829988e+06 2.217200012200000003e+02
6.363507869995119981e+06 1.919686739990229951e+06 2.230299987799999997e+02
6.363505279998780228e+06 1.919685589965820080e+06 2.215899963399999990e+02
6.363503279998780228e+06 1.919684579956050031e+06 2.157799987799999997e+02
6.363499929992680438e+06 1.919683329956050031e+06 2.200500030499999866e+02
6.363504519989009947e+06 1.919681430053710006e+06 2.168300018299999863e+02
6.363504130004880019e+06 1.919680739990229951e+06 2.158800048800000013e+02
6.363508399993900210e+06 1.919685459960940061e+06 2.195200042699999869e+02
6.363506429992680438e+06 1.919684540039059939e+06 2.227700042699999869e+02
6.363504100006099790e+06 1.919683790039059939e+06 2.168000030499999866e+02
6.363501959991459735e+06 1.919682939941409975e+06 2.168600006099999860e+02
6.363499959991459735e+06 1.919682050048829988e+06 2.197500000000000000e+02
6.363498549987790175e+06 1.919683920043949969e+06 2.168999938999999983e+02
6.363500880004880019e+06 1.919684770019530086e+06 2.196799926799999980e+02
6.363503149993900210e+06 1.919685689941409975e+06 2.203099975599999993e+02
6.363505440002439544e+06 1.919686579956050031e+06 2.209600067099999876e+02
6.363507440002439544e+06 1.919687560058590025e+06 2.154900054899999873e+02
6.363508260009770282e+06 1.919691010009770049e+06 2.168000030499999866e+02
6.363506299987790175e+06 1.919690060058590025e+06 2.213600006099999860e+02
6.363504260009770282e+06 1.919689170043949969e+06 2.223699951199999987e+02
6.363502329986570403e+06 1.919688250000000000e+06 2.268999938999999983e+02
6.363500059997560456e+06 1.919687459960940061e+06 2.237200012200000003e+02
6.363497899993900210e+06 1.919686609985349933e+06 2.219499969500000134e+02
6.363497899993900210e+06 1.919689069946289994e+06 2.196499938999999983e+02
6.363500359985349700e+06 1.919689930053710006e+06 2.249700012200000003e+02
6.363502519989009947e+06 1.919690880004880019e+06 2.228999938999999983e+02
6.363504720001219772e+06 1.919691760009770049e+06 2.225399932900000124e+02
6.363506690002439544e+06 1.919692810058590025e+06 2.161100006099999860e+02
6.363503700012209825e+06 1.919694680053710006e+06 2.181100006099999860e+02
6.363501600006099790e+06 1.919693800048829988e+06 2.188000030499999866e+02
6.363499570007319562e+06 1.919692939941409975e+06 2.203699951199999987e+02
6.363497239990229718e+06 1.919692160034179920e+06 2.160800018299999863e+02
6.363505149993900210e+06 1.919693400024410104e+06 2.177500000000000000e+02
6.363502750000000000e+06 1.919692420043949969e+06 2.170899963399999990e+02
6.363499959991459735e+06 1.919691199951170012e+06 2.140099945100000127e+02
6.363498679992680438e+06 1.919690839965820080e+06 2.198500061000000017e+02
6.363497500000000000e+06 1.919689369995119981e+06 2.199499969500000134e+02
6.363500750000000000e+06 1.919690810058590025e+06 2.239799957300000131e+02
6.363503209991459735e+06 1.919691800048829988e+06 2.235200042699999869e+02
6.363504619995119981e+06 1.919692119995119981e+06 2.169600067099999876e+02
6.363507940002439544e+06 1.919688910034179920e+06 2.159799957300000131e+02
6.363506790008540265e+06 1.919688680053710006e+06 2.226000061000000017e+02
6.363504750000000000e+06 1.919687890014650067e+06 2.240800018299999863e+02
6.363502950012209825e+06 1.919687270019530086e+06 2.266699981700000137e+02
6.363499309997560456e+06 1.919685530029299902e+06 2.187700042699999869e+02
6.363500850006099790e+06 1.919685140014650067e+06 2.196499938999999983e+02
6.363503609985349700e+06 1.919686319946289994e+06 2.208000030499999866e+02
6.363506130004880019e+06 1.919687329956050031e+06 2.207700042699999869e+02
6.363507869995119981e+06 1.919687859985349933e+06 2.158500061000000017e+02
6.363504690002439544e+06 1.919682020019530086e+06 2.160399932900000124e+02
6.363502559997560456e+06 1.919681199951170012e+06 2.168300018299999863e+02
6.363505149993900210e+06 1.919681170043949969e+06 2.168999938999999983e+02
6.363498029998780228e+06 1.919692650024410104e+06 2.183099975599999993e+02
6.363497440002439544e+06 1.919688280029299902e+06 2.202799987799999997e+02
6.363499570007319562e+06 1.919689040039059939e+06 2.219499969500000134e+02
6.363501700012209825e+06 1.919689829956050031e+06 2.236199951199999987e+02
6.363504059997560456e+06 1.919690750000000000e+06 2.226399993900000140e+02
6.363507079986570403e+06 1.919691859985349933e+06 2.165299987799999997e+02
6.363506690002439544e+06 1.919690020019530086e+06 2.212299957300000131e+02
6.363503609985349700e+06 1.919688839965820080e+06 2.244400024400000007e+02
6.363501410003660247e+06 1.919688020019530086e+06 2.192599945100000127e+02
6.363498260009770282e+06 1.919686810058590025e+06 2.230000000000000000e+02
6.363496290008540265e+06 1.919686119995119981e+06 2.158800048800000013e+02
6.363499570007319562e+06 1.919683199951170012e+06 2.178800048800000013e+02
6.363501600006099790e+06 1.919683949951170012e+06 2.203699951199999987e+02
6.363504000000000000e+06 1.919684839965820080e+06 2.197200012200000003e+02
6.363506029998780228e+06 1.919685630004880019e+06 2.224400024400000007e+02
6.363503149993900210e+06 1.919682739990229951e+06 2.167299957300000131e+02
6.363498950012209825e+06 1.919692060058590025e+06 2.159799957300000131e+02
6.363501470001219772e+06 1.919693109985349933e+06 2.140099945100000127e+02
6.363503179992680438e+06 1.919693859985349933e+06 2.188300018299999863e+02
6.363503470001219772e+06 1.919692550048829988e+06 2.186000061000000017e+02
6.363500459991459735e+06 1.919691239990229951e+06 2.205000000000000000e+02
6.363498359985349700e+06 1.919690349975589896e+06 2.151199951199999987e+02
6.363496750000000000e+06 1.919685920043949969e+06 2.155200042699999869e+02
6.363498290008540265e+06 1.919686510009770049e+06 2.223099975599999993e+02
6.363500359985349700e+06 1.919687400024410104e+06 2.241499938999999983e+02
6.363502290008540265e+06 1.919688250000000000e+06 2.265700073200000020e+02
6.363505149993900210e+06 1.919689469970700098e+06 2.222400054899999873e+02
6.363508070007319562e+06 1.919690709960940061e+06 2.169600067099999876e+02
6.363507209991459735e+06 1.919688910034179920e+06 2.210299987799999997e+02
6.363504359985349700e+06 1.919687689941409975e+06 2.216499938999999983e+02
6.363502130004880019e+06 1.919686780029299902e+06 2.174900054899999873e+02
6.363499109985349700e+06 1.919685500000000000e+06 2.197200012200000003e+02
6.363501369995119981e+06 1.919682670043949969e+06 2.172899932900000124e+02
6.363503829986570403e+06 1.919683719970700098e+06 2.157799987799999997e+02
6.363506130004880019e+06 1.919684739990229951e+06 2.157100067099999876e+02
6.363508130004880019e+06 1.919685530029299902e+06 2.185399932900000124e+02
6.363507570007319562e+06 1.919683819946289994e+06 2.142100067099999876e+02
6.363504589996339753e+06 1.919682579956050031e+06 2.158500061000000017e+02
6.363504100006099790e+06 1.919681530029299902e+06 2.169299926799999980e+02
6.363508260009770282e+06 1.919686349975589896e+06 2.148000030499999866e+02
6.363506359985349700e+06 1.919685630004880019e+06 2.218500061000000017e+02
6.363504160003660247e+06 1.919684680053710006e+06 2.194900054899999873e+02
6.363501959991459735e+06 1.919683760009770049e+06 2.165000000000000000e+02
6.363500000000000000e+06 1.919682969970700098e+06 2.206999969500000134e+02
6.363497540008540265e+06 1.919684250000000000e+06 2.163999938999999983e+02
6.363499829986570403e+06 1.919685199951170012e+06 2.187700042699999869e+02
6.363502160003660247e+06 1.919686150024410104e+06 2.204400024400000007e+02
6.363504459991459735e+06 1.919687099975589896e+06 2.226399993900000140e+02
6.363506660003660247e+06 1.919688050048829988e+06 2.218800048800000013e+02
6.363508790008540265e+06 1.919688880004880019e+06 2.168999938999999983e+02
6.363508359985349700e+06 1.919691800048829988e+06 2.164400024400000007e+02
6.363506200012209825e+06 1.919690910034179920e+06 2.160800018299999863e+02
6.363504260009770282e+06 1.919690119995119981e+06 2.214600067099999876e+02
6.363502329986570403e+06 1.919689400024410104e+06 2.271000061000000017e+02
6.363500160003660247e+06 1.919688510009770049e+06 2.259199981700000137e+02
6.363497899993900210e+06 1.919687500000000000e+06 2.201100006099999860e+02
6.363498720001219772e+06 1.919690150024410104e+06 2.228999938999999983e+02
6.363500910003660247e+06 1.919691069946289994e+06 2.232899932900000124e+02
6.363503079986570403e+06 1.919691930053710006e+06 2.186300048800000013e+02
6.363505250000000000e+06 1.919692810058590025e+06 2.174900054899999873e+02
6.363501209991459735e+06 1.919694260009770049e+06 2.145700073200000020e+02
6.363499079986570403e+06 1.919693369995119981e+06 2.146000061000000017e+02
6.363499640014650300e+06 1.919694290039059939e+06 2.147599945100000127e+02
6.363506589996339753e+06 1.919692619995119981e+06 2.145000000000000000e+02
6.363504429992680438e+06 1.919691699951170012e+06 2.153500061000000017e+02
6.363503510009770282e+06 1.919691300048829988e+06 2.228699951199999987e+02
6.363501959991459735e+06 1.919690609985349933e+06 2.267700042699999869e+02
6.363499040008540265e+06 1.919689430053710006e+06 2.232599945100000127e+02
6.363498950012209825e+06 1.919688319946289994e+06 2.233600006099999860e+02
6.363502390014650300e+06 1.919689699951170012e+06 2.278200073200000020e+02
6.363504200012209825e+06 1.919690449951170012e+06 2.236199951199999987e+02
6.363505380004880019e+06 1.919691010009770049e+06 2.159400024400000007e+02
6.363508170013429597e+06 1.919692119995119981e+06 2.165299987799999997e+02
6.363509019989009947e+06 1.919688050048829988e+06 2.163999938999999983e+02
6.363506359985349700e+06 1.919686969970700098e+06 2.143999938999999983e+02
6.363505209991459735e+06 1.919686410034179920e+06 2.206699981700000137e+02
6.363502880004880019e+06 1.919685459960940061e+06 2.205700073200000020e+02
6.363500489990229718e+06 1.919684479980469914e+06 2.199799957300000131e+02
6.363499339996339753e+06 1.919682939941409975e+06 2.208300018299999863e+02
6.363501109985349700e+06 1.919683660034179920e+06 2.163399963399999990e+02
6.363504619995119981e+06 1.919685099975589896e+06 2.215200042699999869e+02
6.363507250000000000e+06 1.919686150024410104e+06 2.215899963399999990e+02
6.363508559997560456e+06 1.919686780029299902e+06 2.146000061000000017e+02
6.363505019989009947e+06 1.919680770019530086e+06 2.163399963399999990e+02
