6.363542250000000000e+06 1.919787300048829988e+06 2.152899932900000124e+02
6.363544780029299669e+06 1.919788219970700098e+06 2.139400024400000007e+02
6.363551409973139875e+06 1.919789400024410104e+06 2.158800048800000013e+02
6.363549080017089844e+06 1.919788420043949969e+06 2.126600036600000010e+02
6.363545630004880019e+06 1.919787229980469914e+06 2.173600006099999860e+02
6.363543039978030138e+06 1.919786219970700098e+06 2.161100006099999860e+02
6.363539070007319562e+06 1.919780800048829988e+06 2.186000061000000017e+02
6.363541299987790175e+06 1.919781660034179920e+06 2.193200073200000020e+02
6.363543070007319562e+06 1.919782510009770049e+06 2.235899963399999990e+02
6.363546520019530319e+06 1.919783489990229951e+06 2.156499938999999983e+02
6.363547440002439544e+06 1.919784250000000000e+06 2.261199951199999987e+02
6.363550130004880019e+06 1.919785170043949969e+06 2.234600067099999876e+02
6.363552559997560456e+06 1.919786119995119981e+06 2.229299926799999980e+02
6.363556070007319562e+06 1.919787140014650067e+06 2.146300048800000013e+02
6.363557609985349700e+06 1.919787959960940061e+06 2.200099945100000127e+02
6.363557020019530319e+06 1.919786349975589896e+06 2.234199981700000137e+02
6.363555020019530319e+06 1.919785430053710006e+06 2.177500000000000000e+02
6.363550619995119981e+06 1.919784119995119981e+06 2.293000030499999866e+02
6.363547900024410337e+06 1.919783069946289994e+06 2.290299987799999997e+02
6.363549729980469681e+06 1.919783300048829988e+06 2.159100036600000010e+02
6.363545340026860125e+06 1.919782020019530086e+06 2.272299957300000131e+02
6.363543369995119981e+06 1.919781069946289994e+06 2.215899963399999990e+02
6.363541039978030138e+06 1.919780050048829988e+06 2.180800018299999863e+02
6.363538349975589663e+06 1.919779000000000000e+06 2.176799926799999980e+02
6.363537299987790175e+06 1.919774699951170012e+06 2.175800018299999863e+02
6.363539729980469681e+06 1.919775619995119981e+06 2.169600067099999876e+02
6.363541330017089844e+06 1.919776410034179920e+06 2.221799926799999980e+02
6.363543200012209825e+06 1.919777290039059939e+06 2.257899932900000124e+02
6.363545140014650300e+06 1.919778109985349933e+06 2.284100036600000010e+02
6.363547400024410337e+06 1.919779000000000000e+06 2.290299987799999997e+02
6.363550359985349700e+06 1.919779949951170012e+06 2.249299926799999980e+02
6.363552489990229718e+06 1.919780800048829988e+06 2.263800048800000013e+02
6.363555250000000000e+06 1.919781790039059939e+06 2.234600067099999876e+02
6.363556950012209825e+06 1.919782609985349933e+06 2.281799926799999980e+02
6.363560299987790175e+06 1.919783630004880019e+06 2.209600067099999876e+02
6.363563909973139875e+06 1.919783400024410104e+06 2.155500030499999866e+02
6.363559580017089844e+06 1.919782119995119981e+06 2.263800048800000013e+02
6.363556659973139875e+06 1.919781000000000000e+06 2.273300018299999863e+02
6.363553830017089844e+06 1.919779949951170012e+06 2.277899932900000124e+02
6.363551539978030138e+06 1.919778930053710006e+06 2.241100006099999860e+02
6.363548619995119981e+06 1.919777849975589896e+06 2.251999969500000134e+02
6.363545700012209825e+06 1.919776770019530086e+06 2.260200042699999869e+02
6.363542909973139875e+06 1.919775719970700098e+06 2.262100067099999876e+02
6.363539960021969862e+06 1.919774670043949969e+06 2.274600067099999876e+02
6.363538409973139875e+06 1.919773719970700098e+06 2.185399932900000124e+02
6.363538020019530319e+06 1.919769939941409975e+06 2.243099975599999993e+02
6.363540650024410337e+06 1.919770859985349933e+06 2.221799926799999980e+02
6.363542840026860125e+06 1.919771750000000000e+06 2.234199981700000137e+02
6.363544809997560456e+06 1.919772599975589896e+06 2.260500030499999866e+02
6.363547369995119981e+06 1.919773520019530086e+06 2.246699981700000137e+02
6.363549700012209825e+06 1.919774410034179920e+06 2.248399963399999990e+02
6.363551700012209825e+06 1.919775260009770049e+06 2.271300048800000013e+02
6.363553799987790175e+06 1.919776150024410104e+06 2.290000000000000000e+02
6.363556690002439544e+06 1.919777099975589896e+06 2.254299926799999980e+02
6.363560039978030138e+06 1.919778109985349933e+06 2.181399993900000140e+02
6.363561840026860125e+06 1.919778930053710006e+06 2.218500061000000017e+02
6.363564299987790175e+06 1.919779890014650067e+06 2.210599975599999993e+02
6.363561479980469681e+06 1.919777260009770049e+06 2.172899932900000124e+02
6.363557049987790175e+06 1.919776010009770049e+06 2.287100067099999876e+02
6.363554849975589663e+06 1.919775030029299902e+06 2.248000030499999866e+02
6.363551669982910156e+06 1.919773880004880019e+06 2.277899932900000124e+02
6.363549340026860125e+06 1.919772859985349933e+06 2.245700073200000020e+02
6.363546260009770282e+06 1.919771750000000000e+06 2.267700042699999869e+02
6.363544059997560456e+06 1.919770800048829988e+06 2.224700012200000003e+02
6.363541169982910156e+06 1.919769750000000000e+06 2.233600006099999860e+02
6.363539099975589663e+06 1.919768760009770049e+06 2.180800018299999863e+02
6.363546979980469681e+06 1.919767880004880019e+06 2.166999969500000134e+02
6.363549080017089844e+06 1.919768729980469914e+06 2.186999969500000134e+02
6.363550489990229718e+06 1.919769520019530086e+06 2.253899993900000140e+02
6.363554429992680438e+06 1.919770630004880019e+06 2.140099945100000127e+02
6.363556750000000000e+06 1.919771520019530086e+06 2.143000030499999866e+02
6.363558789978030138e+06 1.919772339965820080e+06 2.164400024400000007e+02
6.363560359985349700e+06 1.919773189941409975e+06 2.219499969500000134e+02
6.363563940002439544e+06 1.919772930053710006e+06 2.143000030499999866e+02
6.363560859985349700e+06 1.919771780029299902e+06 2.163399963399999990e+02
6.363555570007319562e+06 1.919769680053710006e+06 2.139100036600000010e+02
6.363552229980469681e+06 1.919768500000000000e+06 2.179799957300000131e+02
6.363550090026860125e+06 1.919767550048829988e+06 2.130200042699999869e+02
6.363546849975589663e+06 1.919766430053710006e+06 2.162400054899999873e+02
6.363556229980469681e+06 1.919766170043949969e+06 2.157100067099999876e+02
6.363563190002439544e+06 1.919768859985349933e+06 2.160399932900000124e+02
6.363541559997560456e+06 1.919785400024410104e+06 2.153200073200000020e+02
6.363543760009770282e+06 1.919786349975589896e+06 2.161699981700000137e+02
6.363545669982910156e+06 1.919787270019530086e+06 2.187299957300000131e+02
6.363548880004880019e+06 1.919788349975589896e+06 2.130599975599999993e+02
6.363550849975589663e+06 1.919789239990229951e+06 2.157100067099999876e+02
6.363553109985349700e+06 1.919789040039059939e+06 2.206399993900000140e+02
6.363551080017089844e+06 1.919788020019530086e+06 2.160099945100000127e+02
6.363546059997560456e+06 1.919785859985349933e+06 2.126300048800000013e+02
6.363543039978030138e+06 1.919784640014650067e+06 2.143699951199999987e+02
6.363540349975589663e+06 1.919783530029299902e+06 2.141399993900000140e+02
6.363537500000000000e+06 1.919778569946289994e+06 2.173200073200000020e+02
6.363539830017089844e+06 1.919779560058590025e+06 2.171900024400000007e+02
6.363541109985349700e+06 1.919780339965820080e+06 2.243399963399999990e+02
6.363543760009770282e+06 1.919781329956050031e+06 2.219199981700000137e+02
6.363547010009770282e+06 1.919782439941409975e+06 2.161100006099999860e+02
6.363547210021969862e+06 1.919783069946289994e+06 2.301499938999999983e+02
6.363549900024410337e+06 1.919784079956050031e+06 2.277200012200000003e+02
6.363553570007319562e+06 1.919785270019530086e+06 2.190599975599999993e+02
6.363555570007319562e+06 1.919786150024410104e+06 2.213600006099999860e+02
6.363557280029299669e+06 1.919787040039059939e+06 2.253600006099999860e+02
6.363556359985349700e+06 1.919785270019530086e+06 2.233899993900000140e+02
6.363553440002439544e+06 1.919784119995119981e+06 2.246399993900000140e+02
6.363550460021969862e+06 1.919782900024410104e+06 2.260800018299999863e+02
6.363547539978030138e+06 1.919781760009770049e+06 2.268399963399999990e+02
6.363544880004880019e+06 1.919780609985349933e+06 2.260800018299999863e+02
6.363542219970700331e+06 1.919779489990229951e+06 2.250000000000000000e+02
6.363540549987790175e+06 1.919778510009770049e+06 2.180099945100000127e+02
6.363537859985349700e+06 1.919773550048829988e+06 2.186300048800000013e+02
6.363539010009770282e+06 1.919774339965820080e+06 2.266399993900000140e+02
6.363541599975589663e+06 1.919775329956050031e+06 2.248699951199999987e+02
6.363543530029299669e+06 1.919776239990229951e+06 2.274600067099999876e+02
6.363545989990229718e+06 1.919777229980469914e+06 2.265700073200000020e+02
6.363548450012209825e+06 1.919778209960940061e+06 2.258899993900000140e+02
6.363551409973139875e+06 1.919779260009770049e+06 2.216900024400000007e+02
6.363552849975589663e+06 1.919780079956050031e+06 2.275599975599999993e+02
6.363555840026860125e+06 1.919781130004880019e+06 2.236199951199999987e+02
6.363557510009770282e+06 1.919782020019530086e+06 2.275899963399999990e+02
6.363559940002439544e+06 1.919783000000000000e+06 2.270299987799999997e+02
6.363560429992680438e+06 1.919781760009770049e+06 2.226000061000000017e+02
6.363557969970700331e+06 1.919780640014650067e+06 2.205700073200000020e+02
6.363554390014650300e+06 1.919779359985349933e+06 2.256900024400000007e+02
6.363551799987790175e+06 1.919778250000000000e+06 2.244400024400000007e+02
6.363548590026860125e+06 1.919777030029299902e+06 2.275299987799999997e+02
6.363545830017089844e+06 1.919775880004880019e+06 2.271999969500000134e+02
6.363543429992680438e+06 1.919774770019530086e+06 2.246999969500000134e+02
6.363541299987790175e+06 1.919773719970700098e+06 2.201399993900000140e+02
6.363539630004880019e+06 1.919772770019530086e+06 2.129600067099999876e+02
6.363539070007319562e+06 1.919768829956050031e+06 2.190899963399999990e+02
6.363540710021969862e+06 1.919769650024410104e+06 2.238200073200000020e+02
6.363543469970700331e+06 1.919770670043949969e+06 2.208999938999999983e+02
6.363544849975589663e+06 1.919771489990229951e+06 2.275299987799999997e+02
6.363547440002439544e+06 1.919772500000000000e+06 2.258200073200000020e+02
6.363549929992680438e+06 1.919773489990229951e+06 2.246100006099999860e+02
6.363552260009770282e+06 1.919774439941409975e+06 2.249700012200000003e+02
6.363554460021969862e+06 1.919775390014650067e+06 2.256600036600000010e+02
6.363556590026860125e+06 1.919776310058590025e+06 2.266699981700000137e+02
6.363560330017089844e+06 1.919777520019530086e+06 2.179100036600000010e+02
6.363562099975589663e+06 1.919778380004880019e+06 2.213600006099999860e+02
6.363564599975589663e+06 1.919779359985349933e+06 2.206699981700000137e+02
6.363561940002439544e+06 1.919777060058590025e+06 2.215200042699999869e+02
6.363558169982910156e+06 1.919775750000000000e+06 2.279499969500000134e+02
6.363555609985349700e+06 1.919774640014650067e+06 2.263099975599999993e+02
6.363552650024410337e+06 1.919773459960940061e+06 2.274299926799999980e+02
6.363550229980469681e+06 1.919772369995119981e+06 2.251300048800000013e+02
6.363547080017089844e+06 1.919771160034179920e+06 2.276600036600000010e+02
6.363544710021969862e+06 1.919770079956050031e+06 2.247400054899999873e+02
6.363542250000000000e+06 1.919768989990229951e+06 2.226699981700000137e+02
6.363540650024410337e+06 1.919768010009770049e+06 2.145700073200000020e+02
6.363545960021969862e+06 1.919766199951170012e+06 2.133899993900000140e+02
6.363547239990229718e+06 1.919767020019530086e+06 2.203399963399999990e+02
6.363550489990229718e+06 1.919768140014650067e+06 2.145299987799999997e+02
6.363551210021969862e+06 1.919768829956050031e+06 2.249299926799999980e+02
6.363555020019530319e+06 1.919770010009770049e+06 2.152599945100000127e+02
6.363559440002439544e+06 1.919771910034179920e+06 2.169900054899999873e+02
6.363561049987790175e+06 1.919772729980469914e+06 2.216199951199999987e+02
6.363563219970700331e+06 1.919772109985349933e+06 2.150599975599999993e+02
6.363560429992680438e+06 1.919770959960940061e+06 2.148899993900000140e+02
6.363555049987790175e+06 1.919768670043949969e+06 2.134799957300000131e+02
6.363551869995119981e+06 1.919767449951170012e+06 2.160399932900000124e+02
6.363562070007319562e+06 1.919768439941409975e+06 2.130599975599999993e+02
6.363555770019530319e+06 1.919765810058590025e+06 2.151600036600000010e+02
6.363547700012209825e+06 1.919765020019530086e+06 2.150299987799999997e+02
6.363552030029299669e+06 1.919766760009770049e+06 2.160099945100000127e+02
6.363556359985349700e+06 1.919768569946289994e+06 2.152200012200000003e+02
6.363560659973139875e+06 1.919770369995119981e+06 2.154199981700000137e+02
6.363562820007319562e+06 1.919771219970700098e+06 2.156799926799999980e+02
6.363564919982910156e+06 1.919772140014650067e+06 2.144400024400000007e+02
6.363563869995119981e+06 1.919774569946289994e+06 2.173200073200000020e+02
6.363559669982910156e+06 1.919772859985349933e+06 2.174499969500000134e+02
6.363557770019530319e+06 1.919771810058590025e+06 2.251300048800000013e+02
6.363555669982910156e+06 1.919770989990229951e+06 2.236499938999999983e+02
6.363553570007319562e+06 1.919770140014650067e+06 2.240800018299999863e+02
6.363551409973139875e+06 1.919769319946289994e+06 2.226999969500000134e+02
6.363549239990229718e+06 1.919768530029299902e+06 2.185700073200000020e+02
6.363547140014650300e+06 1.919767680053710006e+06 2.194900054899999873e+02
6.363541469970700331e+06 1.919767810058590025e+06 2.221100006099999860e+02
6.363543659973139875e+06 1.919768699951170012e+06 2.222100067099999876e+02
6.363545830017089844e+06 1.919769579956050031e+06 2.230299987799999997e+02
6.363548090026860125e+06 1.919770369995119981e+06 2.269400024400000007e+02
6.363550190002439544e+06 1.919771290039059939e+06 2.251300048800000013e+02
6.363552390014650300e+06 1.919772140014650067e+06 2.260500030499999866e+02
6.363554460021969862e+06 1.919773130004880019e+06 2.229700012200000003e+02
6.363556719970700331e+06 1.919773880004880019e+06 2.271600036600000010e+02
6.363558890014650300e+06 1.919774770019530086e+06 2.278200073200000020e+02
6.363560789978030138e+06 1.919775849975589896e+06 2.199499969500000134e+02
6.363562989990229718e+06 1.919776670043949969e+06 2.218800048800000013e+02
6.363563840026860125e+06 1.919780050048829988e+06 2.202799987799999997e+02
6.363561770019530319e+06 1.919779000000000000e+06 2.260200042699999869e+02
6.363559539978030138e+06 1.919778310058590025e+06 2.197500000000000000e+02
6.363557510009770282e+06 1.919777359985349933e+06 2.230599975599999993e+02
6.363555440002439544e+06 1.919776380004880019e+06 2.268999938999999983e+02
6.363553280029299669e+06 1.919775550048829988e+06 2.246100006099999860e+02
6.363551210021969862e+06 1.919774699951170012e+06 2.250299987799999997e+02
6.363549039978030138e+06 1.919773849975589896e+06 2.239499969500000134e+02
6.363546909973139875e+06 1.919772959960940061e+06 2.250299987799999997e+02
6.363544880004880019e+06 1.919772040039059939e+06 2.270000000000000000e+02
6.363542609985349700e+06 1.919771319946289994e+06 2.214199981700000137e+02
6.363540609985349700e+06 1.919770310058590025e+06 2.262500000000000000e+02
6.363538409973139875e+06 1.919769520019530086e+06 2.239499969500000134e+02
6.363540250000000000e+06 1.919772829956050031e+06 2.217200012200000003e+02
6.363542520019530319e+06 1.919773650024410104e+06 2.262500000000000000e+02
6.363544750000000000e+06 1.919774500000000000e+06 2.280500030499999866e+02
6.363546909973139875e+06 1.919775359985349933e+06 2.281499938999999983e+02
6.363548950012209825e+06 1.919776339965820080e+06 2.252899932900000124e+02
6.363551109985349700e+06 1.919777260009770049e+06 2.241100006099999860e+02
6.363553309997560456e+06 1.919778079956050031e+06 2.258899993900000140e+02
6.363555510009770282e+06 1.919778869995119981e+06 2.290000000000000000e+02
6.363557539978030138e+06 1.919779920043949969e+06 2.233300018299999863e+02
6.363559609985349700e+06 1.919780800048829988e+06 2.226000061000000017e+02
6.363561510009770282e+06 1.919781890014650067e+06 2.141100006099999860e+02
6.363563739990229718e+06 1.919782770019530086e+06 2.152899932900000124e+02
6.363563380004880019e+06 1.919785560058590025e+06 2.162700042699999869e+02
6.363561450012209825e+06 1.919784510009770049e+06 2.248699951199999987e+02
6.363559280029299669e+06 1.919783689941409975e+06 2.219799957300000131e+02
6.363557179992680438e+06 1.919782839965820080e+06 2.220099945100000127e+02
6.363555179992680438e+06 1.919781890014650067e+06 2.267100067099999876e+02
6.363553150024410337e+06 1.919780939941409975e+06 2.290700073200000020e+02
6.363551080017089844e+06 1.919780079956050031e+06 2.294600067099999876e+02
6.363548909973139875e+06 1.919779229980469914e+06 2.291999969500000134e+02
6.363546809997560456e+06 1.919778380004880019e+06 2.281499938999999983e+02
6.363544549987790175e+06 1.919777719970700098e+06 2.212299957300000131e+02
6.363542479980469681e+06 1.919776770019530086e+06 2.237500000000000000e+02
6.363540380004880019e+06 1.919775949951170012e+06 2.227700042699999869e+02
6.363538119995119981e+06 1.919775229980469914e+06 2.166699981700000137e+02
6.363536020019530319e+06 1.919774339965820080e+06 2.173600006099999860e+02
6.363538049987790175e+06 1.919777420043949969e+06 2.245700073200000020e+02
6.363540059997560456e+06 1.919778510009770049e+06 2.183699951199999987e+02
6.363542450012209825e+06 1.919779199951170012e+06 2.267700042699999869e+02
6.363544580017089844e+06 1.919780150024410104e+06 2.233300018299999863e+02
6.363546719970700331e+06 1.919781030029299902e+06 2.233600006099999860e+02
6.363548909973139875e+06 1.919781949951170012e+06 2.243099975599999993e+02
6.363551179992680438e+06 1.919782810058590025e+06 2.258899993900000140e+02
6.363553280029299669e+06 1.919783689941409975e+06 2.245700073200000020e+02
6.363555440002439544e+06 1.919784609985349933e+06 2.245099945100000127e+02
6.363557640014650300e+06 1.919785530029299902e+06 2.240800018299999863e+02
6.363556159973139875e+06 1.919788020019530086e+06 2.201100006099999860e+02
6.363554030029299669e+06 1.919787170043949969e+06 2.194900054899999873e+02
6.363551900024410337e+06 1.919786380004880019e+06 2.169299926799999980e+02
6.363549929992680438e+06 1.919785329956050031e+06 2.238200073200000020e+02
6.363547900024410337e+06 1.919784449951170012e+06 2.256900024400000007e+02
6.363545530029299669e+06 1.919783819946289994e+06 2.156799926799999980e+02
6.363543630004880019e+06 1.919782770019530086e+06 2.235899963399999990e+02
6.363541500000000000e+06 1.919781920043949969e+06 2.226999969500000134e+02
6.363539330017089844e+06 1.919781170043949969e+06 2.191300048800000013e+02
6.363541890014650300e+06 1.919784869995119981e+06 2.153500061000000017e+02
6.363544090026860125e+06 1.919785729980469914e+06 2.168600006099999860e+02
6.363546289978030138e+06 1.919786579956050031e+06 2.183699951199999987e+02
6.363548619995119981e+06 1.919787300048829988e+06 2.257500000000000000e+02
6.363550520019530319e+06 1.919788420043949969e+06 2.158800048800000013e+02
6.363552750000000000e+06 1.919789170043949969e+06 2.199499969500000134e+02
6.363553179992680438e+06 1.919788839965820080e+06 2.208999938999999983e+02
6.363550030029299669e+06 1.919787400024410104e+06 2.159100036600000010e+02
6.363549080017089844e+06 1.919787329956050031e+06 2.250700073200000020e+02
6.363545239990229718e+06 1.919785459960940061e+06 2.152599945100000127e+02
6.363543039978030138e+06 1.919784609985349933e+06 2.162400054899999873e+02
6.363541760009770282e+06 1.919784310058590025e+06 2.228999938999999983e+02
6.363542059997560456e+06 1.919783300048829988e+06 2.231999969500000134e+02
6.363543729980469681e+06 1.919783760009770049e+06 2.169900054899999873e+02
6.363546059997560456e+06 1.919784609985349933e+06 2.146600036600000010e+02
6.363550000000000000e+06 1.919786479980469914e+06 2.231999969500000134e+02
6.363551599975589663e+06 1.919786910034179920e+06 2.162400054899999873e+02
6.363561840026860125e+06 1.919786910034179920e+06 2.167599945100000127e+02
6.363556750000000000e+06 1.919784810058590025e+06 2.146000061000000017e+02
6.363555609985349700e+06 1.919784609985349933e+06 2.224100036600000010e+02
6.363553340026860125e+06 1.919783719970700098e+06 2.230299987799999997e+02
6.363551369995119981e+06 1.919783040039059939e+06 2.252899932900000124e+02
6.363549700012209825e+06 1.919782479980469914e+06 2.299900054899999873e+02
6.363547210021969862e+06 1.919781489990229951e+06 2.290000000000000000e+02
6.363544289978030138e+06 1.919780150024410104e+06 2.249700012200000003e+02
6.363540840026860125e+06 1.919778510009770049e+06 2.178099975599999993e+02
6.363538549987790175e+06 1.919777589965820080e+06 2.181100006099999860e+02
6.363535890014650300e+06 1.919776469970700098e+06 2.161100006099999860e+02
6.363538090026860125e+06 1.919776209960940061e+06 2.166000061000000017e+02
6.363541830017089844e+06 1.919777949951170012e+06 2.237500000000000000e+02
6.363544190002439544e+06 1.919778839965820080e+06 2.218200073200000020e+02
6.363547799987790175e+06 1.919780540039059939e+06 2.282799987799999997e+02
6.363550390014650300e+06 1.919781560058590025e+06 2.280500030499999866e+02
6.363552330017089844e+06 1.919782180053710006e+06 2.232599945100000127e+02
6.363554820007319562e+06 1.919783170043949969e+06 2.223699951199999987e+02
6.363558000000000000e+06 1.919784540039059939e+06 2.257200012200000003e+02
6.363559179992680438e+06 1.919784709960940061e+06 2.162700042699999869e+02
6.363561940002439544e+06 1.919785790039059939e+06 2.166999969500000134e+02
6.363563090026860125e+06 1.919782079956050031e+06 2.162400054899999873e+02
6.363560820007319562e+06 1.919781229980469914e+06 2.168999938999999983e+02
6.363559349975589663e+06 1.919780839965820080e+06 2.225700073200000020e+02
6.363557179992680438e+06 1.919779949951170012e+06 2.238200073200000020e+02
6.363555669982910156e+06 1.919779520019530086e+06 2.291999969500000134e+02
6.363552919982910156e+06 1.919778339965820080e+06 2.267700042699999869e+02
6.363550719970700331e+06 1.919777459960940061e+06 2.275599975599999993e+02
6.363548489990229718e+06 1.919776599975589896e+06 2.283500061000000017e+02
6.363546159973139875e+06 1.919775650024410104e+06 2.284799957300000131e+02
6.363543630004880019e+06 1.919774599975589896e+06 2.272599945100000127e+02
6.363540780029299669e+06 1.919773359985349933e+06 2.239799957300000131e+02
6.363539659973139875e+06 1.919771849975589896e+06 2.257500000000000000e+02
6.363541700012209825e+06 1.919772500000000000e+06 2.217200012200000003e+02
6.363544119995119981e+06 1.919773420043949969e+06 2.203099975599999993e+02
6.363547599975589663e+06 1.919775000000000000e+06 2.253899993900000140e+02
6.363550090026860125e+06 1.919775979980469914e+06 2.244700012200000003e+02
6.363553179992680438e+06 1.919777290039059939e+06 2.272299957300000131e+02
6.363555479980469681e+06 1.919778109985349933e+06 2.246699981700000137e+02
6.363558460021969862e+06 1.919779390014650067e+06 2.266699981700000137e+02
6.363560989990229718e+06 1.919780410034179920e+06 2.257500000000000000e+02
6.363562500000000000e+06 1.919780739990229951e+06 2.182400054899999873e+02
6.363564989990229718e+06 1.919781689941409975e+06 2.169600067099999876e+02
6.363562989990229718e+06 1.919776829956050031e+06 2.218500061000000017e+02
6.363560330017089844e+06 1.919775719970700098e+06 2.201399993900000140e+02
6.363559150024410337e+06 1.919775489990229951e+06 2.276600036600000010e+02
6.363556820007319562e+06 1.919774569946289994e+06 2.279499969500000134e+02
6.363554059997560456e+06 1.919773390014650067e+06 2.250299987799999997e+02
6.363551729980469681e+06 1.919772439941409975e+06 2.250000000000000000e+02
6.363548950012209825e+06 1.919771219970700098e+06 2.221100006099999860e+02
6.363547169982910156e+06 1.919770630004880019e+06 2.259799957300000131e+02
6.363544390014650300e+06 1.919769390014650067e+06 2.228000030499999866e+02
6.363540710021969862e+06 1.919767619995119981e+06 2.145000000000000000e+02
6.363545140014650300e+06 1.919768569946289994e+06 2.221499938999999983e+02
6.363548090026860125e+06 1.919769810058590025e+06 2.242799987799999997e+02
6.363550690002439544e+06 1.919770829956050031e+06 2.237899932900000124e+02
6.363553830017089844e+06 1.919772209960940061e+06 2.270700073200000020e+02
6.363555869995119981e+06 1.919772900024410104e+06 2.232599945100000127e+02
6.363558659973139875e+06 1.919774010009770049e+06 2.237500000000000000e+02
6.363560789978030138e+06 1.919774800048829988e+06 2.205000000000000000e+02
6.363563710021969862e+06 1.919776050048829988e+06 2.222100067099999876e+02
6.363564400024410337e+06 1.919771810058590025e+06 2.146300048800000013e+02
6.363562270019530319e+06 1.919771030029299902e+06 2.161399993900000140e+02
6.363559710021969862e+06 1.919769979980469914e+06 2.148600006099999860e+02
6.363555109985349700e+06 1.919768069946289994e+06 2.152899932900000124e+02
6.363552849975589663e+06 1.919767219970700098e+06 2.159799957300000131e+02
6.363550159973139875e+06 1.919766040039059939e+06 2.137799987799999997e+02
6.363547989990229718e+06 1.919765219970700098e+06 2.149600067099999876e+02
6.363549210021969862e+06 1.919764599975589896e+06 2.155500030499999866e+02
6.363551929992680438e+06 1.919765709960940061e+06 2.158099975599999993e+02
6.363554590026860125e+06 1.919766790039059939e+06 2.156799926799999980e+02
6.363557250000000000e+06 1.919767839965820080e+06 2.154900054899999873e+02
6.363559900024410337e+06 1.919768930053710006e+06 2.155200042699999869e+02
6.363562590026860125e+06 1.919770010009770049e+06 2.157799987799999997e+02
6.363565190002439544e+06 1.919770989990229951e+06 2.149299926799999980e+02
6.363541169982910156e+06 1.919782380004880019e+06 2.229299926799999980e+02
6.363543500000000000e+06 1.919783260009770049e+06 2.230599975599999993e+02
6.363545239990229718e+06 1.919783890014650067e+06 2.279199981700000137e+02
6.363548979980469681e+06 1.919785400024410104e+06 2.164700012200000003e+02
6.363551340026860125e+06 1.919786250000000000e+06 2.166999969500000134e+02
6.363553280029299669e+06 1.919786969970700098e+06 2.195200042699999869e+02
6.363555570007319562e+06 1.919787859985349933e+06 2.198800048800000013e+02
6.363557309997560456e+06 1.919786869995119981e+06 2.251999969500000134e+02
6.363555840026860125e+06 1.919786349975589896e+06 2.148300018299999863e+02
6.363552030029299669e+06 1.919784910034179920e+06 2.225700073200000020e+02
6.363549539978030138e+06 1.919783920043949969e+06 2.201799926799999980e+02
6.363546219970700331e+06 1.919782670043949969e+06 2.243099975599999993e+02
6.363543729980469681e+06 1.919781719970700098e+06 2.220099945100000127e+02
6.363540840026860125e+06 1.919780609985349933e+06 2.226999969500000134e+02
6.363538549987790175e+06 1.919779790039059939e+06 2.186999969500000134e+02
6.363536020019530319e+06 1.919774540039059939e+06 2.170599975599999993e+02
6.363538409973139875e+06 1.919775459960940061e+06 2.166000061000000017e+02
6.363540710021969862e+06 1.919776310058590025e+06 2.168300018299999863e+02
6.363542289978030138e+06 1.919776900024410104e+06 2.229700012200000003e+02
6.363544979980469681e+06 1.919777920043949969e+06 2.206999969500000134e+02
6.363546289978030138e+06 1.919778310058590025e+06 2.287700042699999869e+02
6.363548679992680438e+06 1.919779260009770049e+06 2.282100067099999876e+02
6.363550950012209825e+06 1.919780079956050031e+06 2.293300018299999863e+02
6.363553280029299669e+06 1.919780969970700098e+06 2.292299957300000131e+02
6.363555929992680438e+06 1.919781989990229951e+06 2.271300048800000013e+02
6.363559020019530319e+06 1.919783170043949969e+06 2.213300018299999863e+02
6.363561969970700331e+06 1.919784310058590025e+06 2.163699951199999987e+02
6.363559900024410337e+06 1.919781920043949969e+06 2.233899993900000140e+02
6.363556590026860125e+06 1.919780640014650067e+06 2.276199951199999987e+02
6.363553539978030138e+06 1.919779489990229951e+06 2.293000030499999866e+02
6.363551510009770282e+06 1.919778739990229951e+06 2.235599975599999993e+02
6.363548590026860125e+06 1.919777619995119981e+06 2.243800048800000013e+02
6.363545630004880019e+06 1.919776510009770049e+06 2.257899932900000124e+02
6.363542809997560456e+06 1.919775420043949969e+06 2.259499969500000134e+02
6.363539830017089844e+06 1.919774280029299902e+06 2.275599975599999993e+02
6.363538119995119981e+06 1.919773719970700098e+06 2.186699981700000137e+02
6.363538969970700331e+06 1.919769680053710006e+06 2.231000061000000017e+02
6.363540739990229718e+06 1.919770310058590025e+06 2.273600006099999860e+02
6.363543859985349700e+06 1.919771520019530086e+06 2.211300048800000013e+02
6.363545530029299669e+06 1.919772109985349933e+06 2.265099945100000127e+02
6.363548090026860125e+06 1.919773089965820080e+06 2.244700012200000003e+02
6.363549900024410337e+06 1.919773750000000000e+06 2.290299987799999997e+02
6.363552780029299669e+06 1.919774869995119981e+06 2.244100036600000010e+02
6.363554849975589663e+06 1.919775650024410104e+06 2.263800048800000013e+02
6.363556950012209825e+06 1.919776439941409975e+06 2.282500000000000000e+02
6.363560299987790175e+06 1.919777719970700098e+06 2.203699951199999987e+02
6.363564830017089844e+06 1.919779430053710006e+06 2.217200012200000003e+02
6.363562989990229718e+06 1.919777160034179920e+06 2.224400024400000007e+02
6.363560460021969862e+06 1.919776209960940061e+06 2.200500030499999866e+02
6.363557280029299669e+06 1.919775000000000000e+06 2.232299957300000131e+02
6.363554330017089844e+06 1.919773880004880019e+06 2.243800048800000013e+02
6.363551340026860125e+06 1.919772729980469914e+06 2.258899993900000140e+02
6.363548619995119981e+06 1.919771680053710006e+06 2.254900054899999873e+02
6.363546190002439544e+06 1.919770760009770049e+06 2.224400024400000007e+02
6.363543299987790175e+06 1.919769680053710006e+06 2.231000061000000017e+02
6.363540679992680438e+06 1.919768670043949969e+06 2.219199981700000137e+02
6.363546679992680438e+06 1.919766660034179920e+06 2.165299987799999997e+02
6.363550320007319562e+06 1.919767939941409975e+06 2.250299987799999997e+02
6.363554130004880019e+06 1.919769489990229951e+06 2.131900024400000007e+02
6.363556359985349700e+06 1.919770310058590025e+06 2.140399932900000124e+02
6.363560760009770282e+06 1.919771949951170012e+06 2.164400024400000007e+02
6.363562890014650300e+06 1.919771189941409975e+06 2.160800018299999863e+02
6.363560169982910156e+06 1.919770170043949969e+06 2.151600036600000010e+02
6.363551799987790175e+06 1.919766959960940061e+06 2.153500061000000017e+02
6.363540940002439544e+06 1.919785989990229951e+06 2.150899963399999990e+02
6.363543500000000000e+06 1.919787099975589896e+06 2.135200042699999869e+02
6.363545070007319562e+06 1.919787729980469914e+06 2.190000000000000000e+02
6.363550690002439544e+06 1.919788839965820080e+06 2.154199981700000137e+02
6.363542520019530319e+06 1.919785430053710006e+06 2.143000030499999866e+02
6.363539500000000000e+06 1.919780479980469914e+06 2.187299957300000131e+02
6.363541429992680438e+06 1.919781260009770049e+06 2.214600067099999876e+02
6.363543630004880019e+06 1.919782180053710006e+06 2.225099945100000127e+02
6.363546619995119981e+06 1.919783430053710006e+06 2.177200012200000003e+02
6.363547169982910156e+06 1.919783630004880019e+06 2.306399993900000140e+02
6.363549080017089844e+06 1.919784510009770049e+06 2.167299957300000131e+02
6.363549729980469681e+06 1.919784709960940061e+06 2.289700012200000003e+02
6.363553440002439544e+06 1.919786319946289994e+06 2.191600036600000010e+02
6.363555669982910156e+06 1.919787229980469914e+06 2.198500061000000017e+02
6.363557380004880019e+06 1.919786780029299902e+06 2.254299926799999980e+02
6.363554849975589663e+06 1.919785729980469914e+06 2.239199981700000137e+02
6.363552260009770282e+06 1.919784640014650067e+06 2.228000030499999866e+02
6.363549729980469681e+06 1.919783560058590025e+06 2.211000061000000017e+02
6.363546880004880019e+06 1.919782380004880019e+06 2.216499938999999983e+02
6.363543890014650300e+06 1.919781099975589896e+06 2.237200012200000003e+02
6.363541039978030138e+06 1.919779890014650067e+06 2.244400024400000007e+02
6.363539299987790175e+06 1.919779199951170012e+06 2.170899963399999990e+02
6.363537500000000000e+06 1.919774729980469914e+06 2.173899993900000140e+02
6.363538679992680438e+06 1.919775229980469914e+06 2.258500061000000017e+02
6.363541559997560456e+06 1.919776439941409975e+06 2.218500061000000017e+02
6.363543929992680438e+06 1.919777420043949969e+06 2.216900024400000007e+02
6.363545400024410337e+06 1.919778020019530086e+06 2.280800018299999863e+02
6.363547570007319562e+06 1.919778930053710006e+06 2.293000030499999866e+02
6.363550650024410337e+06 1.919780250000000000e+06 2.237500000000000000e+02
6.363552460021969862e+06 1.919780969970700098e+06 2.277200012200000003e+02
6.363554849975589663e+06 1.919782020019530086e+06 2.271000061000000017e+02
6.363557900024410337e+06 1.919783300048829988e+06 2.221799926799999980e+02
6.363560070007319562e+06 1.919784219970700098e+06 2.234600067099999876e+02
6.363563409973139875e+06 1.919785630004880019e+06 2.162400054899999873e+02
6.363562590026860125e+06 1.919784079956050031e+06 2.139100036600000010e+02
6.363558229980469681e+06 1.919782250000000000e+06 2.251300048800000013e+02
6.363555609985349700e+06 1.919781099975589896e+06 2.239799957300000131e+02
6.363552650024410337e+06 1.919779849975589896e+06 2.255899963399999990e+02
6.363549239990229718e+06 1.919778410034179920e+06 2.299900054899999873e+02
6.363547309997560456e+06 1.919777619995119981e+06 2.239499969500000134e+02
6.363544549987790175e+06 1.919776469970700098e+06 2.234199981700000137e+02
6.363541989990229718e+06 1.919775390014650067e+06 2.221499938999999983e+02
6.363538580017089844e+06 1.919773949951170012e+06 2.265399932900000124e+02
6.363536840026860125e+06 1.919773229980469914e+06 2.190299987799999997e+02
6.363538549987790175e+06 1.919770209960940061e+06 2.235200042699999869e+02
6.363540320007319562e+06 1.919770930053710006e+06 2.274600067099999876e+02
6.363543830017089844e+06 1.919772439941409975e+06 2.189299926799999980e+02
6.363545239990229718e+06 1.919773000000000000e+06 2.256199951199999987e+02
6.363547669982910156e+06 1.919774010009770049e+06 2.250700073200000020e+02
6.363549900024410337e+06 1.919774930053710006e+06 2.257200012200000003e+02
6.363551729980469681e+06 1.919775719970700098e+06 2.292299957300000131e+02
6.363553969970700331e+06 1.919776640014650067e+06 2.301499938999999983e+02
6.363558099975589663e+06 1.919778439941409975e+06 2.169600067099999876e+02
6.363559219970700331e+06 1.919778869995119981e+06 2.255899963399999990e+02
6.363561409973139875e+06 1.919779750000000000e+06 2.269400024400000007e+02
6.363559900024410337e+06 1.919777979980469914e+06 2.196799926799999980e+02
6.363556030029299669e+06 1.919776310058590025e+06 2.275599975599999993e+02
6.363553440002439544e+06 1.919775229980469914e+06 2.262799987799999997e+02
6.363550320007319562e+06 1.919773880004880019e+06 2.290000000000000000e+02
6.363548289978030138e+06 1.919773060058590025e+06 2.234199981700000137e+02
6.363544979980469681e+06 1.919771650024410104e+06 2.274900054899999873e+02
6.363543169982910156e+06 1.919770900024410104e+06 2.201399993900000140e+02
6.363539789978030138e+06 1.919769489990229951e+06 2.248699951199999987e+02
6.363537820007319562e+06 1.919768630004880019e+06 2.190299987799999997e+02
6.363543760009770282e+06 1.919767449951170012e+06 2.211000061000000017e+02
6.363546260009770282e+06 1.919768469970700098e+06 2.201799926799999980e+02
6.363547799987790175e+06 1.919769119995119981e+06 2.259499969500000134e+02
6.363550460021969862e+06 1.919770239990229951e+06 2.234199981700000137e+02
6.363553929992680438e+06 1.919771719970700098e+06 2.156199951199999987e+02
6.363555210021969862e+06 1.919772239990229951e+06 2.230000000000000000e+02
6.363557799987790175e+06 1.919773359985349933e+06 2.210299987799999997e+02
6.363560229980469681e+06 1.919774339965820080e+06 2.207700042699999869e+02
6.363564099975589663e+06 1.919774829956050031e+06 2.172599945100000127e+02
6.363560719970700331e+06 1.919773390014650067e+06 2.218500061000000017e+02
6.363557179992680438e+06 1.919771880004880019e+06 2.271300048800000013e+02
6.363555969970700331e+06 1.919771390014650067e+06 2.158099975599999993e+02
6.363552880004880019e+06 1.919770109985349933e+06 2.177799987799999997e+02
6.363550000000000000e+06 1.919768859985349933e+06 2.186300048800000013e+02
6.363547109985349700e+06 1.919767650024410104e+06 2.195500030499999866e+02
6.363548030029299669e+06 1.919764369995119981e+06 2.152899932900000124e+02
6.363550390014650300e+06 1.919765349975589896e+06 2.153200073200000020e+02
6.363552590026860125e+06 1.919766239990229951e+06 2.160800018299999863e+02
6.363554950012209825e+06 1.919767250000000000e+06 2.156799926799999980e+02
6.363557309997560456e+06 1.919768270019530086e+06 2.155800018299999863e+02
6.363559609985349700e+06 1.919769219970700098e+06 2.156499938999999983e+02
6.363561909973139875e+06 1.919770209960940061e+06 2.159400024400000007e+02
6.363564270019530319e+06 1.919771160034179920e+06 2.158800048800000013e+02
6.363564330017089844e+06 1.919769939941409975e+06 2.150899963399999990e+02
6.363561580017089844e+06 1.919768760009770049e+06 2.148000030499999866e+02
6.363555900024410337e+06 1.919766369995119981e+06 2.157100067099999876e+02
6.363561609985349700e+06 1.919768300048829988e+06 2.139400024400000007e+02
6.363555309997560456e+06 1.919765709960940061e+06 2.155800018299999863e+02
6.363548219970700331e+06 1.919765380004880019e+06 2.146600036600000010e+02
6.363550359985349700e+06 1.919766270019530086e+06 2.142700042699999869e+02
6.363552520019530319e+06 1.919767160034179920e+06 2.159799957300000131e+02
6.363554690002439544e+06 1.919768069946289994e+06 2.138800048800000013e+02
6.363563250000000000e+06 1.919771589965820080e+06 2.148899993900000140e+02
6.363558849975589663e+06 1.919772630004880019e+06 2.171600036600000010e+02
6.363556890014650300e+06 1.919771949951170012e+06 2.255200042699999869e+02
6.363554690002439544e+06 1.919770959960940061e+06 2.177799987799999997e+02
6.363552520019530319e+06 1.919770040039059939e+06 2.159100036600000010e+02
6.363550549987790175e+06 1.919769319946289994e+06 2.236499938999999983e+02
6.363546320007319562e+06 1.919767619995119981e+06 2.248699951199999987e+02
6.363539559997560456e+06 1.919767250000000000e+06 2.139100036600000010e+02
6.363541890014650300e+06 1.919768239990229951e+06 2.232599945100000127e+02
6.363544090026860125e+06 1.919769160034179920e+06 2.260200042699999869e+02
6.363546190002439544e+06 1.919770010009770049e+06 2.232899932900000124e+02
6.363548359985349700e+06 1.919770900024410104e+06 2.216199951199999987e+02
6.363550520019530319e+06 1.919771810058590025e+06 2.252599945100000127e+02
6.363552650024410337e+06 1.919772699951170012e+06 2.254600067099999876e+02
6.363554849975589663e+06 1.919773619995119981e+06 2.264400024400000007e+02
6.363556950012209825e+06 1.919774439941409975e+06 2.227700042699999869e+02
6.363559049987790175e+06 1.919775290039059939e+06 2.196199951199999987e+02
6.363561150024410337e+06 1.919776150024410104e+06 2.176199951199999987e+02
6.363563280029299669e+06 1.919777000000000000e+06 2.161100006099999860e+02
6.363563119995119981e+06 1.919779890014650067e+06 2.197799987799999997e+02
6.363561090026860125e+06 1.919779130004880019e+06 2.266399993900000140e+02
6.363558989990229718e+06 1.919778250000000000e+06 2.261199951199999987e+02
6.363556789978030138e+06 1.919777290039059939e+06 2.171900024400000007e+02
6.363554789978030138e+06 1.919776540039059939e+06 2.245399932900000124e+02
6.363552750000000000e+06 1.919775719970700098e+06 2.276199951199999987e+02
6.363550650024410337e+06 1.919774869995119981e+06 2.291300048800000013e+02
6.363548520019530319e+06 1.919773979980469914e+06 2.239499969500000134e+02
6.363546390014650300e+06 1.919773089965820080e+06 2.245099945100000127e+02
6.363544320007319562e+06 1.919772270019530086e+06 2.259199981700000137e+02
6.363542190002439544e+06 1.919771390014650067e+06 2.232299957300000131e+02
6.363540020019530319e+06 1.919770439941409975e+06 2.192899932900000124e+02
6.363537989990229718e+06 1.919769680053710006e+06 2.246699981700000137e+02
6.363540320007319562e+06 1.919773089965820080e+06 2.278899993900000140e+02
6.363542419982910156e+06 1.919773949951170012e+06 2.248399963399999990e+02
6.363544580017089844e+06 1.919774829956050031e+06 2.256199951199999987e+02
6.363546750000000000e+06 1.919775719970700098e+06 2.256900024400000007e+02
6.363548909973139875e+06 1.919776640014650067e+06 2.270000000000000000e+02
6.363551010009770282e+06 1.919777459960940061e+06 2.239199981700000137e+02
6.363553150024410337e+06 1.919778339965820080e+06 2.226000061000000017e+02
6.363555309997560456e+06 1.919779260009770049e+06 2.276199951199999987e+02
6.363557380004880019e+06 1.919780050048829988e+06 2.188300018299999863e+02
6.363559539978030138e+06 1.919780969970700098e+06 2.213899993900000140e+02
6.363561580017089844e+06 1.919781719970700098e+06 2.135800018299999863e+02
6.363564140014650300e+06 1.919785689941409975e+06 2.163099975599999993e+02
6.363562000000000000e+06 1.919784770019530086e+06 2.165299987799999997e+02
6.363559969970700331e+06 1.919784050048829988e+06 2.242100067099999876e+02
6.363557869995119981e+06 1.919783170043949969e+06 2.226999969500000134e+02
6.363555700012209825e+06 1.919782250000000000e+06 2.196799926799999980e+02
6.363553700012209825e+06 1.919781530029299902e+06 2.279900054899999873e+02
6.363551640014650300e+06 1.919780670043949969e+06 2.284400024400000007e+02
6.363549440002439544e+06 1.919779719970700098e+06 2.224400024400000007e+02
6.363547369995119981e+06 1.919778900024410104e+06 2.246699981700000137e+02
6.363545340026860125e+06 1.919778079956050031e+06 2.274900054899999873e+02
6.363543169982910156e+06 1.919777199951170012e+06 2.231000061000000017e+02
6.363541039978030138e+06 1.919776280029299902e+06 2.221100006099999860e+02
6.363538869995119981e+06 1.919775359985349933e+06 2.166999969500000134e+02
6.363536770019530319e+06 1.919774500000000000e+06 2.170899963399999990e+02
6.363537630004880019e+06 1.919777390014650067e+06 2.242400054899999873e+02
6.363539729980469681e+06 1.919778209960940061e+06 2.178800048800000013e+02
6.363541989990229718e+06 1.919779229980469914e+06 2.268399963399999990e+02
6.363544090026860125e+06 1.919780050048829988e+06 2.235599975599999993e+02
6.363546260009770282e+06 1.919780969970700098e+06 2.230000000000000000e+02
6.363548419982910156e+06 1.919781849975589896e+06 2.242799987799999997e+02
6.363550619995119981e+06 1.919782739990229951e+06 2.261799926799999980e+02
6.363552750000000000e+06 1.919783630004880019e+06 2.253300018299999863e+02
6.363554849975589663e+06 1.919784510009770049e+06 2.248399963399999990e+02
6.363557020019530319e+06 1.919785400024410104e+06 2.242100067099999876e+02
6.363561219970700331e+06 1.919787069946289994e+06 2.154900054899999873e+02
6.363554590026860125e+06 1.919787199951170012e+06 2.145700073200000020e+02
6.363550419982910156e+06 1.919785500000000000e+06 2.170299987799999997e+02
6.363548289978030138e+06 1.919784640014650067e+06 2.165000000000000000e+02
6.363546349975589663e+06 1.919783920043949969e+06 2.280200042699999869e+02
6.363544159973139875e+06 1.919782969970700098e+06 2.222799987799999997e+02
6.363542059997560456e+06 1.919782150024410104e+06 2.249299926799999980e+02
6.363541929992680438e+06 1.919782020019530086e+06 2.137799987799999997e+02
6.363541630004880019e+06 1.919784410034179920e+06 2.145000000000000000e+02
6.363543859985349700e+06 1.919785329956050031e+06 2.166999969500000134e+02
6.363546030029299669e+06 1.919786250000000000e+06 2.174900054899999873e+02
6.363550289978030138e+06 1.919787989990229951e+06 2.160399932900000124e+02
6.363543700012209825e+06 1.919788189941409975e+06 2.136199951199999987e+02
6.363541559997560456e+06 1.919787329956050031e+06 2.146000061000000017e+02
6.363546419982910156e+06 1.919788020019530086e+06 2.191900024400000007e+02
6.363543570007319562e+06 1.919786869995119981e+06 2.161699981700000137e+02
6.363542940002439544e+06 1.919785400024410104e+06 2.163699951199999987e+02
6.363545210021969862e+06 1.919786280029299902e+06 2.136799926799999980e+02
6.363550909973139875e+06 1.919788609985349933e+06 2.161699981700000137e+02
6.363557309997560456e+06 1.919786810058590025e+06 2.251600036600000010e+02
6.363555020019530319e+06 1.919785890014650067e+06 2.254600067099999876e+02
6.363552159973139875e+06 1.919784739990229951e+06 2.226699981700000137e+02
6.363550780029299669e+06 1.919784119995119981e+06 2.282500000000000000e+02
6.363548159973139875e+06 1.919783069946289994e+06 2.266399993900000140e+02
6.363545729980469681e+06 1.919782119995119981e+06 2.262100067099999876e+02
6.363542380004880019e+06 1.919780770019530086e+06 2.201799926799999980e+02
6.363539559997560456e+06 1.919779689941409975e+06 2.176499938999999983e+02
6.363540549987790175e+06 1.919778770019530086e+06 2.197500000000000000e+02
6.363543570007319562e+06 1.919779949951170012e+06 2.217200012200000003e+02
6.363547340026860125e+06 1.919781459960940061e+06 2.286100006099999860e+02
6.363549900024410337e+06 1.919782479980469914e+06 2.279199981700000137e+02
6.363551830017089844e+06 1.919783300048829988e+06 2.234900054899999873e+02
6.363554429992680438e+06 1.919784380004880019e+06 2.232599945100000127e+02
6.363557669982910156e+06 1.919785660034179920e+06 2.265700073200000020e+02
6.363561380004880019e+06 1.919787229980469914e+06 2.169900054899999873e+02
6.363561349975589663e+06 1.919783000000000000e+06 2.138399963399999990e+02
6.363559739990229718e+06 1.919782280029299902e+06 2.185700073200000020e+02
6.363558429992680438e+06 1.919781689941409975e+06 2.247700042699999869e+02
6.363555929992680438e+06 1.919780670043949969e+06 2.235599975599999993e+02
6.363553700012209825e+06 1.919779790039059939e+06 2.244400024400000007e+02
6.363550909973139875e+06 1.919778670043949969e+06 2.218500061000000017e+02
6.363549799987790175e+06 1.919778150024410104e+06 2.292599945100000127e+02
6.363546880004880019e+06 1.919777000000000000e+06 2.255599975599999993e+02
6.363544880004880019e+06 1.919776180053710006e+06 2.277599945100000127e+02
6.363542090026860125e+06 1.919775060058590025e+06 2.251000061000000017e+02
6.363538640014650300e+06 1.919773680053710006e+06 2.185000000000000000e+02
6.363542219970700331e+06 1.919773880004880019e+06 2.250700073200000020e+02
6.363544780029299669e+06 1.919774900024410104e+06 2.242100067099999876e+02
6.363547900024410337e+06 1.919776150024410104e+06 2.271000061000000017e+02
6.363550590026860125e+06 1.919777229980469914e+06 2.273899993900000140e+02
6.363553179992680438e+06 1.919778280029299902e+06 2.269700012200000003e+02
6.363556229980469681e+06 1.919779489990229951e+06 2.292599945100000127e+02
6.363557640014650300e+06 1.919780119995119981e+06 2.217500000000000000e+02
6.363560489990229718e+06 1.919781260009770049e+06 2.231999969500000134e+02
6.363561640014650300e+06 1.919781790039059939e+06 2.140099945100000127e+02
6.363561940002439544e+06 1.919777489990229951e+06 2.174199981700000137e+02
6.363559900024410337e+06 1.919776670043949969e+06 2.193899993900000140e+02
6.363558989990229718e+06 1.919776209960940061e+06 2.279900054899999873e+02
6.363556159973139875e+06 1.919775099975589896e+06 2.253300018299999863e+02
6.363553570007319562e+06 1.919774050048829988e+06 2.234900054899999873e+02
6.363551510009770282e+06 1.919773229980469914e+06 2.253300018299999863e+02
6.363548219970700331e+06 1.919771910034179920e+06 2.197799987799999997e+02
6.363546750000000000e+06 1.919771260009770049e+06 2.248000030499999866e+02
6.363544190002439544e+06 1.919770239990229951e+06 2.237899932900000124e+02
6.363541530029299669e+06 1.919769189941409975e+06 2.218200073200000020e+02
6.363545369995119981e+06 1.919769520019530086e+06 2.238200073200000020e+02
6.363548260009770282e+06 1.919770670043949969e+06 2.252299957300000131e+02
6.363550880004880019e+06 1.919771719970700098e+06 2.249700012200000003e+02
6.363553869995119981e+06 1.919772930053710006e+06 2.267400054899999873e+02
6.363556460021969862e+06 1.919773949951170012e+06 2.263099975599999993e+02
6.363558659973139875e+06 1.919774869995119981e+06 2.236199951199999987e+02
6.363560789978030138e+06 1.919775780029299902e+06 2.203699951199999987e+02
6.363562919982910156e+06 1.919776670043949969e+06 2.172899932900000124e+02
6.363561770019530319e+06 1.919771780029299902e+06 2.157500000000000000e+02
6.363554229980469681e+06 1.919768729980469914e+06 2.127899932900000124e+02
6.363552460021969862e+06 1.919767979980469914e+06 2.162400054899999873e+02
6.363549640014650300e+06 1.919766859985349933e+06 2.135800018299999863e+02
6.363548650024410337e+06 1.919766400024410104e+06 2.214900054899999873e+02
6.363547770019530319e+06 1.919764859985349933e+06 2.149600067099999876e+02
6.363553109985349700e+06 1.919767020019530086e+06 2.148899993900000140e+02
6.363555969970700331e+06 1.919768170043949969e+06 2.157500000000000000e+02
6.363558489990229718e+06 1.919769219970700098e+06 2.150899963399999990e+02
6.363561409973139875e+06 1.919770369995119981e+06 2.160399932900000124e+02
6.363563969970700331e+06 1.919771420043949969e+06 2.154900054899999873e+02
